-3.14159 -0.954928
-3.13531 -0.953018
-3.12903 -0.951108
-3.12274 -0.949198
-3.11646 -0.947289
-3.11018 -0.945379
-3.10389 -0.943469
-3.09761 -0.941559
-3.09133 -0.939649
-3.08504 -0.937739
-3.07876 -0.935829
-3.07248 -0.93392
-3.06619 -0.93201
-3.05991 -0.9301
-3.05363 -0.92819
-3.04734 -0.92628
-3.04106 -0.92437
-3.03478 -0.92246
-3.0285 -0.920551
-3.02221 -0.918641
-3.01593 -0.916731
-3.00965 -0.914821
-3.00336 -0.912911
-2.99708 -0.911001
-2.9908 -0.909091
-2.98451 -0.907182
-2.97823 -0.905272
-2.97195 -0.903362
-2.96566 -0.901452
-2.95938 -0.899542
-2.9531 -0.897632
-2.94681 -0.895722
-2.94053 -0.893813
-2.93425 -0.891903
-2.92796 -0.889993
-2.92168 -0.888083
-2.9154 -0.886173
-2.90911 -0.884263
-2.90283 -0.882353
-2.89655 -0.880444
-2.89027 -0.878534
-2.88398 -0.876624
-2.8777 -0.874714
-2.87142 -0.872804
-2.86513 -0.870894
-2.85885 -0.868984
-2.85257 -0.867075
-2.84628 -0.865165
-2.84 -0.863255
-2.83372 -0.861345
-2.82743 -0.859435
-2.82115 -0.857525
-2.81487 -0.855615
-2.80858 -0.853706
-2.8023 -0.851796
-2.79602 -0.849886
-2.78973 -0.847976
-2.78345 -0.846066
-2.77717 -0.844156
-2.77088 -0.842246
-2.7646 -0.840337
-2.75832 -0.838427
-2.75204 -0.836517
-2.74575 -0.834607
-2.73947 -0.832697
-2.73319 -0.830787
-2.7269 -0.828877
-2.72062 -0.826968
-2.71434 -0.825058
-2.70805 -0.823148
-2.70177 -0.821238
-2.69549 -0.819328
-2.6892 -0.817418
-2.68292 -0.815508
-2.67664 -0.813599
-2.67035 -0.811689
-2.66407 -0.809779
-2.65779 -0.807869
-2.6515 -0.805959
-2.64522 -0.804049
-2.63894 -0.802139
-2.63265 -0.80023
-2.62637 -0.79832
-2.62009 -0.79641
-2.61381 -0.7945
-2.60752 -0.79259
-2.60124 -0.79068
-2.59496 -0.78877
-2.58867 -0.786861
-2.58239 -0.784951
-2.57611 -0.783041
-2.56982 -0.781131
-2.56354 -0.779221
-2.55726 -0.777311
-2.55097 -0.775401
-2.54469 -0.773492
-2.53841 -0.771582
-2.53212 -0.769672
-2.52584 -0.767762
-2.51956 -0.765852
-2.51327 -0.763942
-2.50699 -0.762032
-2.50071 -0.760123
-2.49442 -0.758213
-2.48814 -0.756303
-2.48186 -0.754393
-2.47558 -0.752483
-2.46929 -0.750573
-2.46301 -0.748663
-2.45673 -0.746754
-2.45044 -0.744844
-2.44416 -0.742934
-2.43788 -0.741024
-2.43159 -0.739114
-2.42531 -0.737204
-2.41903 -0.735295
-2.41274 -0.733385
-2.40646 -0.731475
-2.40018 -0.729565
-2.39389 -0.727655
-2.38761 -0.725745
-2.38133 -0.723835
-2.37504 -0.721926
-2.36876 -0.720016
-2.36248 -0.718106
-2.35619 -0.716196
-2.34991 -0.714286
-2.34363 -0.712376
-2.33734 -0.710466
-2.33106 -0.708557
-2.32478 -0.706647
-2.3185 -0.704737
-2.31221 -0.702827
-2.30593 -0.700917
-2.29965 -0.699007
-2.29336 -0.697097
-2.28708 -0.695188
-2.2808 -0.693278
-2.27451 -0.691368
-2.26823 -0.689458
-2.26195 -0.687548
-2.25566 -0.685638
-2.24938 -0.683728
-2.2431 -0.681819
-2.23681 -0.679909
-2.23053 -0.677999
-2.22425 -0.676089
-2.21796 -0.674179
-2.21168 -0.672269
-2.2054 -0.670359
-2.19911 -0.66845
-2.19283 -0.66654
-2.18655 -0.66463
-2.18027 -0.66272
-2.17398 -0.66081
-2.1677 -0.6589
-2.16142 -0.65699
-2.15513 -0.655081
-2.14885 -0.653171
-2.14257 -0.651261
-2.13628 -0.649351
-2.13 -0.647441
-2.12372 -0.645531
-2.11743 -0.643621
-2.11115 -0.641712
-2.10487 -0.639802
-2.09858 -0.637892
-2.0923 -0.635982
-2.08602 -0.634072
-2.07973 -0.632162
-2.07345 -0.630252
-2.06717 -0.628343
-2.06088 -0.626433
-2.0546 -0.624523
-2.04832 -0.622613
-2.04204 -0.620703
-2.03575 -0.618793
-2.02947 -0.616883
-2.02319 -0.614974
-2.0169 -0.613064
-2.01062 -0.611154
-2.00434 -0.609244
-1.99805 -0.607334
-1.99177 -0.605424
-1.98549 -0.603514
-1.9792 -0.601605
-1.97292 -0.599695
-1.96664 -0.597785
-1.96035 -0.595875
-1.95407 -0.593965
-1.94779 -0.592055
-1.9415 -0.590145
-1.93522 -0.588236
-1.92894 -0.586326
-1.92265 -0.584416
-1.91637 -0.582506
-1.91009 -0.580596
-1.90381 -0.578686
-1.89752 -0.576776
-1.89124 -0.574867
-1.88496 -0.572957
-1.87867 -0.571047
-1.87239 -0.569137
-1.86611 -0.567227
-1.85982 -0.565317
-1.85354 -0.563407
-1.84726 -0.561498
-1.84097 -0.559588
-1.83469 -0.557678
-1.82841 -0.555768
-1.82212 -0.553858
-1.81584 -0.551948
-1.80956 -0.550038
-1.80327 -0.548129
-1.79699 -0.546219
-1.79071 -0.544309
-1.78442 -0.542399
-1.77814 -0.540489
-1.77186 -0.538579
-1.76558 -0.536669
-1.75929 -0.53476
-1.75301 -0.53285
-1.74673 -0.53094
-1.74044 -0.52903
-1.73416 -0.52712
-1.72788 -0.52521
-1.72159 -0.523301
-1.71531 -0.521391
-1.70903 -0.519481
-1.70274 -0.517571
-1.69646 -0.515661
-1.69018 -0.513751
-1.68389 -0.511841
-1.67761 -0.509932
-1.67133 -0.508022
-1.66504 -0.506112
-1.65876 -0.504202
-1.65248 -0.502292
-1.64619 -0.500382
-1.63991 -0.498472
-1.63363 -0.496563
-1.62734 -0.494653
-1.62106 -0.492743
-1.61478 -0.490833
-1.6085 -0.488923
-1.60221 -0.487013
-1.59593 -0.485103
-1.58965 -0.483194
-1.58336 -0.481284
-1.57708 -0.479374
-1.5708 -0.477464
-1.56451 -0.475554
-1.55823 -0.473644
-1.55195 -0.471734
-1.54566 -0.469825
-1.53938 -0.467915
-1.5331 -0.466005
-1.52681 -0.464095
-1.52053 -0.462185
-1.51425 -0.460275
-1.50796 -0.458365
-1.50168 -0.456456
-1.4954 -0.454546
-1.48911 -0.452636
-1.48283 -0.450726
-1.47655 -0.448816
-1.47027 -0.446906
-1.46398 -0.444996
-1.4577 -0.443087
-1.45142 -0.441177
-1.44513 -0.439267
-1.43885 -0.437357
-1.43257 -0.435447
-1.42628 -0.433537
-1.42 -0.431627
-1.41372 -0.429718
-1.40743 -0.427808
-1.40115 -0.425898
-1.39487 -0.423988
-1.38858 -0.422078
-1.3823 -0.420168
-1.37602 -0.418258
-1.36973 -0.416349
-1.36345 -0.414439
-1.35717 -0.412529
-1.35088 -0.410619
-1.3446 -0.408709
-1.33832 -0.406799
-1.33204 -0.404889
-1.32575 -0.40298
-1.31947 -0.40107
-1.31319 -0.39916
-1.3069 -0.39725
-1.30062 -0.39534
-1.29434 -0.39343
-1.28805 -0.39152
-1.28177 -0.389611
-1.27549 -0.387701
-1.2692 -0.385791
-1.26292 -0.383881
-1.25664 -0.381971
-1.25035 -0.380061
-1.24407 -0.378151
-1.23779 -0.376242
-1.2315 -0.374332
-1.22522 -0.372422
-1.21894 -0.370512
-1.21265 -0.368602
-1.20637 -0.366692
-1.20009 -0.364782
-1.19381 -0.362873
-1.18752 -0.360963
-1.18124 -0.359053
-1.17496 -0.357143
-1.16867 -0.355233
-1.16239 -0.353323
-1.15611 -0.351413
-1.14982 -0.349504
-1.14354 -0.347594
-1.13726 -0.345684
-1.13097 -0.343774
-1.12469 -0.341864
-1.11841 -0.339954
-1.11212 -0.338044
-1.10584 -0.336135
-1.09956 -0.334225
-1.09327 -0.332315
-1.08699 -0.330405
-1.08071 -0.328495
-1.07442 -0.326585
-1.06814 -0.324675
-1.06186 -0.322766
-1.05558 -0.320856
-1.04929 -0.318946
-1.04301 -0.317036
-1.03673 -0.315126
-1.03044 -0.313216
-1.02416 -0.311307
-1.01788 -0.309397
-1.01159 -0.307487
-1.00531 -0.305577
-0.999026 -0.303667
-0.992743 -0.301757
-0.98646 -0.299847
-0.980177 -0.297938
-0.973894 -0.296028
-0.967611 -0.294118
-0.961327 -0.292208
-0.955044 -0.290298
-0.948761 -0.288388
-0.942478 -0.286478
-0.936195 -0.284569
-0.929911 -0.282659
-0.923628 -0.280749
-0.917345 -0.278839
-0.911062 -0.276929
-0.904779 -0.275019
-0.898495 -0.273109
-0.892212 -0.2712
-0.885929 -0.26929
-0.879646 -0.26738
-0.873363 -0.26547
-0.86708 -0.26356
-0.860796 -0.26165
-0.854513 -0.25974
-0.84823 -0.257831
-0.841947 -0.255921
-0.835664 -0.254011
-0.82938 -0.252101
-0.823097 -0.250191
-0.816814 -0.248281
-0.810531 -0.246371
-0.804248 -0.244462
-0.797965 -0.242552
-0.791681 -0.240642
-0.785398 -0.238732
-0.779115 -0.236822
-0.772832 -0.234912
-0.766549 -0.233002
-0.760265 -0.231093
-0.753982 -0.229183
-0.747699 -0.227273
-0.741416 -0.225363
-0.735133 -0.223453
-0.728849 -0.221543
-0.722566 -0.219633
-0.716283 -0.217724
-0.71 -0.215814
-0.703717 -0.213904
-0.697434 -0.211994
-0.69115 -0.210084
-0.684867 -0.208174
-0.678584 -0.206264
-0.672301 -0.204355
-0.666018 -0.202445
-0.659734 -0.200535
-0.653451 -0.198625
-0.647168 -0.196715
-0.640885 -0.194805
-0.634602 -0.192895
-0.628319 -0.190986
-0.622035 -0.189076
-0.615752 -0.187166
-0.609469 -0.185256
-0.603186 -0.183346
-0.596903 -0.181436
-0.590619 -0.179526
-0.584336 -0.177617
-0.578053 -0.175707
-0.57177 -0.173797
-0.565487 -0.171887
-0.559203 -0.169977
-0.55292 -0.168067
-0.546637 -0.166157
-0.540354 -0.164248
-0.534071 -0.162338
-0.527788 -0.160428
-0.521504 -0.158518
-0.515221 -0.156608
-0.508938 -0.154698
-0.502655 -0.152788
-0.496372 -0.150879
-0.490088 -0.148969
-0.483805 -0.147059
-0.477522 -0.145149
-0.471239 -0.143239
-0.464956 -0.141329
-0.458673 -0.139419
-0.452389 -0.13751
-0.446106 -0.1356
-0.439823 -0.13369
-0.43354 -0.13178
-0.427257 -0.12987
-0.420973 -0.12796
-0.41469 -0.12605
-0.408407 -0.124141
-0.402124 -0.122231
-0.395841 -0.120321
-0.389557 -0.118411
-0.383274 -0.116501
-0.376991 -0.114591
-0.370708 -0.112681
-0.364425 -0.110772
-0.358142 -0.108862
-0.351858 -0.106952
-0.345575 -0.105042
-0.339292 -0.103132
-0.333009 -0.101222
-0.326726 -0.0993125
-0.320442 -0.0974026
-0.314159 -0.0954928
-0.307876 -0.0935829
-0.301593 -0.0916731
-0.29531 -0.0897632
-0.289027 -0.0878534
-0.282743 -0.0859435
-0.27646 -0.0840337
-0.270177 -0.0821238
-0.263894 -0.0802139
-0.257611 -0.0783041
-0.251327 -0.0763942
-0.245044 -0.0744844
-0.238761 -0.0725745
-0.232478 -0.0706647
-0.226195 -0.0687548
-0.219911 -0.066845
-0.213628 -0.0649351
-0.207345 -0.0630252
-0.201062 -0.0611154
-0.194779 -0.0592055
-0.188496 -0.0572957
-0.182212 -0.0553858
-0.175929 -0.053476
-0.169646 -0.0515661
-0.163363 -0.0496563
-0.15708 -0.0477464
-0.150796 -0.0458365
-0.144513 -0.0439267
-0.13823 -0.0420168
-0.131947 -0.040107
-0.125664 -0.0381971
-0.119381 -0.0362873
-0.113097 -0.0343774
-0.106814 -0.0324675
-0.100531 -0.0305577
-0.0942478 -0.0286478
-0.0879646 -0.026738
-0.0816814 -0.0248281
-0.0753982 -0.0229183
-0.069115 -0.0210084
-0.0628319 -0.0190986
-0.0565487 -0.0171887
-0.0502655 -0.0152788
-0.0439823 -0.013369
-0.0376991 -0.0114591
-0.0314159 -0.00954928
-0.0251327 -0.00763942
-0.0188496 -0.00572957
-0.0125664 -0.00381971
-0.00628319 -0.00190986
0 0
0.00628319 0.00190986
0.0125664 0.00381971
0.0188496 0.00572957
0.0251327 0.00763942
0.0314159 0.00954928
0.0376991 0.0114591
0.0439823 0.013369
0.0502655 0.0152788
0.0565487 0.0171887
0.0628319 0.0190986
0.069115 0.0210084
0.0753982 0.0229183
0.0816814 0.0248281
0.0879646 0.026738
0.0942478 0.0286478
0.100531 0.0305577
0.106814 0.0324675
0.113097 0.0343774
0.119381 0.0362873
0.125664 0.0381971
0.131947 0.040107
0.13823 0.0420168
0.144513 0.0439267
0.150796 0.0458365
0.15708 0.0477464
0.163363 0.0496563
0.169646 0.0515661
0.175929 0.053476
0.182212 0.0553858
0.188496 0.0572957
0.194779 0.0592055
0.201062 0.0611154
0.207345 0.0630252
0.213628 0.0649351
0.219911 0.066845
0.226195 0.0687548
0.232478 0.0706647
0.238761 0.0725745
0.245044 0.0744844
0.251327 0.0763942
0.257611 0.0783041
0.263894 0.0802139
0.270177 0.0821238
0.27646 0.0840337
0.282743 0.0859435
0.289027 0.0878534
0.29531 0.0897632
0.301593 0.0916731
0.307876 0.0935829
0.314159 0.0954928
0.320442 0.0974026
0.326726 0.0993125
0.333009 0.101222
0.339292 0.103132
0.345575 0.105042
0.351858 0.106952
0.358142 0.108862
0.364425 0.110772
0.370708 0.112681
0.376991 0.114591
0.383274 0.116501
0.389557 0.118411
0.395841 0.120321
0.402124 0.122231
0.408407 0.124141
0.41469 0.12605
0.420973 0.12796
0.427257 0.12987
0.43354 0.13178
0.439823 0.13369
0.446106 0.1356
0.452389 0.13751
0.458673 0.139419
0.464956 0.141329
0.471239 0.143239
0.477522 0.145149
0.483805 0.147059
0.490088 0.148969
0.496372 0.150879
0.502655 0.152788
0.508938 0.154698
0.515221 0.156608
0.521504 0.158518
0.527788 0.160428
0.534071 0.162338
0.540354 0.164248
0.546637 0.166157
0.55292 0.168067
0.559203 0.169977
0.565487 0.171887
0.57177 0.173797
0.578053 0.175707
0.584336 0.177617
0.590619 0.179526
0.596903 0.181436
0.603186 0.183346
0.609469 0.185256
0.615752 0.187166
0.622035 0.189076
0.628319 0.190986
0.634602 0.192895
0.640885 0.194805
0.647168 0.196715
0.653451 0.198625
0.659734 0.200535
0.666018 0.202445
0.672301 0.204355
0.678584 0.206264
0.684867 0.208174
0.69115 0.210084
0.697434 0.211994
0.703717 0.213904
0.71 0.215814
0.716283 0.217724
0.722566 0.219633
0.728849 0.221543
0.735133 0.223453
0.741416 0.225363
0.747699 0.227273
0.753982 0.229183
0.760265 0.231093
0.766549 0.233002
0.772832 0.234912
0.779115 0.236822
0.785398 0.238732
0.791681 0.240642
0.797965 0.242552
0.804248 0.244462
0.810531 0.246371
0.816814 0.248281
0.823097 0.250191
0.82938 0.252101
0.835664 0.254011
0.841947 0.255921
0.84823 0.257831
0.854513 0.25974
0.860796 0.26165
0.86708 0.26356
0.873363 0.26547
0.879646 0.26738
0.885929 0.26929
0.892212 0.2712
0.898495 0.273109
0.904779 0.275019
0.911062 0.276929
0.917345 0.278839
0.923628 0.280749
0.929911 0.282659
0.936195 0.284569
0.942478 0.286478
0.948761 0.288388
0.955044 0.290298
0.961327 0.292208
0.967611 0.294118
0.973894 0.296028
0.980177 0.297938
0.98646 0.299847
0.992743 0.301757
0.999026 0.303667
1.00531 0.305577
1.01159 0.307487
1.01788 0.309397
1.02416 0.311307
1.03044 0.313216
1.03673 0.315126
1.04301 0.317036
1.04929 0.318946
1.05558 0.320856
1.06186 0.322766
1.06814 0.324675
1.07442 0.326585
1.08071 0.328495
1.08699 0.330405
1.09327 0.332315
1.09956 0.334225
1.10584 0.336135
1.11212 0.338044
1.11841 0.339954
1.12469 0.341864
1.13097 0.343774
1.13726 0.345684
1.14354 0.347594
1.14982 0.349504
1.15611 0.351413
1.16239 0.353323
1.16867 0.355233
1.17496 0.357143
1.18124 0.359053
1.18752 0.360963
1.19381 0.362873
1.20009 0.364782
1.20637 0.366692
1.21265 0.368602
1.21894 0.370512
1.22522 0.372422
1.2315 0.374332
1.23779 0.376242
1.24407 0.378151
1.25035 0.380061
1.25664 0.381971
1.26292 0.383881
1.2692 0.385791
1.27549 0.387701
1.28177 0.389611
1.28805 0.39152
1.29434 0.39343
1.30062 0.39534
1.3069 0.39725
1.31319 0.39916
1.31947 0.40107
1.32575 0.40298
1.33204 0.404889
1.33832 0.406799
1.3446 0.408709
1.35088 0.410619
1.35717 0.412529
1.36345 0.414439
1.36973 0.416349
1.37602 0.418258
1.3823 0.420168
1.38858 0.422078
1.39487 0.423988
1.40115 0.425898
1.40743 0.427808
1.41372 0.429718
1.42 0.431627
1.42628 0.433537
1.43257 0.435447
1.43885 0.437357
1.44513 0.439267
1.45142 0.441177
1.4577 0.443087
1.46398 0.444996
1.47027 0.446906
1.47655 0.448816
1.48283 0.450726
1.48911 0.452636
1.4954 0.454546
1.50168 0.456456
1.50796 0.458365
1.51425 0.460275
1.52053 0.462185
1.52681 0.464095
1.5331 0.466005
1.53938 0.467915
1.54566 0.469825
1.55195 0.471734
1.55823 0.473644
1.56451 0.475554
1.5708 0.477464
1.57708 0.479374
1.58336 0.481284
1.58965 0.483194
1.59593 0.485103
1.60221 0.487013
1.6085 0.488923
1.61478 0.490833
1.62106 0.492743
1.62734 0.494653
1.63363 0.496563
1.63991 0.498472
1.64619 0.500382
1.65248 0.502292
1.65876 0.504202
1.66504 0.506112
1.67133 0.508022
1.67761 0.509932
1.68389 0.511841
1.69018 0.513751
1.69646 0.515661
1.70274 0.517571
1.70903 0.519481
1.71531 0.521391
1.72159 0.523301
1.72788 0.52521
1.73416 0.52712
1.74044 0.52903
1.74673 0.53094
1.75301 0.53285
1.75929 0.53476
1.76558 0.536669
1.77186 0.538579
1.77814 0.540489
1.78442 0.542399
1.79071 0.544309
1.79699 0.546219
1.80327 0.548129
1.80956 0.550038
1.81584 0.551948
1.82212 0.553858
1.82841 0.555768
1.83469 0.557678
1.84097 0.559588
1.84726 0.561498
1.85354 0.563407
1.85982 0.565317
1.86611 0.567227
1.87239 0.569137
1.87867 0.571047
1.88496 0.572957
1.89124 0.574867
1.89752 0.576776
1.90381 0.578686
1.91009 0.580596
1.91637 0.582506
1.92265 0.584416
1.92894 0.586326
1.93522 0.588236
1.9415 0.590145
1.94779 0.592055
1.95407 0.593965
1.96035 0.595875
1.96664 0.597785
1.97292 0.599695
1.9792 0.601605
1.98549 0.603514
1.99177 0.605424
1.99805 0.607334
2.00434 0.609244
2.01062 0.611154
2.0169 0.613064
2.02319 0.614974
2.02947 0.616883
2.03575 0.618793
2.04204 0.620703
2.04832 0.622613
2.0546 0.624523
2.06088 0.626433
2.06717 0.628343
2.07345 0.630252
2.07973 0.632162
2.08602 0.634072
2.0923 0.635982
2.09858 0.637892
2.10487 0.639802
2.11115 0.641712
2.11743 0.643621
2.12372 0.645531
2.13 0.647441
2.13628 0.649351
2.14257 0.651261
2.14885 0.653171
2.15513 0.655081
2.16142 0.65699
2.1677 0.6589
2.17398 0.66081
2.18027 0.66272
2.18655 0.66463
2.19283 0.66654
2.19911 0.66845
2.2054 0.670359
2.21168 0.672269
2.21796 0.674179
2.22425 0.676089
2.23053 0.677999
2.23681 0.679909
2.2431 0.681819
2.24938 0.683728
2.25566 0.685638
2.26195 0.687548
2.26823 0.689458
2.27451 0.691368
2.2808 0.693278
2.28708 0.695188
2.29336 0.697097
2.29965 0.699007
2.30593 0.700917
2.31221 0.702827
2.3185 0.704737
2.32478 0.706647
2.33106 0.708557
2.33734 0.710466
2.34363 0.712376
2.34991 0.714286
2.35619 0.716196
2.36248 0.718106
2.36876 0.720016
2.37504 0.721926
2.38133 0.723835
2.38761 0.725745
2.39389 0.727655
2.40018 0.729565
2.40646 0.731475
2.41274 0.733385
2.41903 0.735295
2.42531 0.737204
2.43159 0.739114
2.43788 0.741024
2.44416 0.742934
2.45044 0.744844
2.45673 0.746754
2.46301 0.748663
2.46929 0.750573
2.47558 0.752483
2.48186 0.754393
2.48814 0.756303
2.49442 0.758213
2.50071 0.760123
2.50699 0.762032
2.51327 0.763942
2.51956 0.765852
2.52584 0.767762
2.53212 0.769672
2.53841 0.771582
2.54469 0.773492
2.55097 0.775401
2.55726 0.777311
2.56354 0.779221
2.56982 0.781131
2.57611 0.783041
2.58239 0.784951
2.58867 0.786861
2.59496 0.78877
2.60124 0.79068
2.60752 0.79259
2.61381 0.7945
2.62009 0.79641
2.62637 0.79832
2.63265 0.80023
2.63894 0.802139
2.64522 0.804049
2.6515 0.805959
2.65779 0.807869
2.66407 0.809779
2.67035 0.811689
2.67664 0.813599
2.68292 0.815508
2.6892 0.817418
2.69549 0.819328
2.70177 0.821238
2.70805 0.823148
2.71434 0.825058
2.72062 0.826968
2.7269 0.828877
2.73319 0.830787
2.73947 0.832697
2.74575 0.834607
2.75204 0.836517
2.75832 0.838427
2.7646 0.840337
2.77088 0.842246
2.77717 0.844156
2.78345 0.846066
2.78973 0.847976
2.79602 0.849886
2.8023 0.851796
2.80858 0.853706
2.81487 0.855615
2.82115 0.857525
2.82743 0.859435
2.83372 0.861345
2.84 0.863255
2.84628 0.865165
2.85257 0.867075
2.85885 0.868984
2.86513 0.870894
2.87142 0.872804
2.8777 0.874714
2.88398 0.876624
2.89027 0.878534
2.89655 0.880444
2.90283 0.882353
2.90911 0.884263
2.9154 0.886173
2.92168 0.888083
2.92796 0.889993
2.93425 0.891903
2.94053 0.893813
2.94681 0.895722
2.9531 0.897632
2.95938 0.899542
2.96566 0.901452
2.97195 0.903362
2.97823 0.905272
2.98451 0.907182
2.9908 0.909091
2.99708 0.911001
3.00336 0.912911
3.00965 0.914821
3.01593 0.916731
3.02221 0.918641
3.0285 0.920551
3.03478 0.92246
3.04106 0.92437
3.04734 0.92628
3.05363 0.92819
3.05991 0.9301
3.06619 0.93201
3.07248 0.93392
3.07876 0.935829
3.08504 0.937739
3.09133 0.939649
3.09761 0.941559
3.10389 0.943469
3.11018 0.945379
3.11646 0.947289
3.12274 0.949198
3.12903 0.951108
3.13531 0.953018
