-3.14159 0.203312
-3.13531 0.191358
-3.12903 0.179473
-3.12274 0.167657
-3.11646 0.155911
-3.11018 0.144233
-3.10389 0.132624
-3.09761 0.121084
-3.09133 0.109612
-3.08504 0.0982086
-3.07876 0.0868735
-3.07248 0.0756064
-3.06619 0.0644074
-3.05991 0.0532762
-3.05363 0.0422126
-3.04734 0.0312166
-3.04106 0.020288
-3.03478 0.00942673
-3.0285 -0.00136745
-3.02221 -0.0120946
-3.01593 -0.022755
-3.00965 -0.0333486
-3.00336 -0.0438756
-2.99708 -0.0543362
-2.9908 -0.0647305
-2.98451 -0.0750587
-2.97823 -0.0853208
-2.97195 -0.0955171
-2.96566 -0.105648
-2.95938 -0.115712
-2.9531 -0.125712
-2.94681 -0.135646
-2.94053 -0.145515
-2.93425 -0.155319
-2.92796 -0.165058
-2.92168 -0.174732
-2.9154 -0.184342
-2.90911 -0.193887
-2.90283 -0.203367
-2.89655 -0.212784
-2.89027 -0.222136
-2.88398 -0.231425
-2.8777 -0.24065
-2.87142 -0.249811
-2.86513 -0.258908
-2.85885 -0.267942
-2.85257 -0.276913
-2.84628 -0.285821
-2.84 -0.294666
-2.83372 -0.303448
-2.82743 -0.312167
-2.82115 -0.320824
-2.81487 -0.329419
-2.80858 -0.337951
-2.8023 -0.346421
-2.79602 -0.354829
-2.78973 -0.363175
-2.78345 -0.371459
-2.77717 -0.379682
-2.77088 -0.387844
-2.7646 -0.395944
-2.75832 -0.403983
-2.75204 -0.411961
-2.74575 -0.419878
-2.73947 -0.427734
-2.73319 -0.43553
-2.7269 -0.443265
-2.72062 -0.45094
-2.71434 -0.458555
-2.70805 -0.46611
-2.70177 -0.473605
-2.69549 -0.48104
-2.6892 -0.488415
-2.68292 -0.495731
-2.67664 -0.502988
-2.67035 -0.510185
-2.66407 -0.517324
-2.65779 -0.524403
-2.6515 -0.531424
-2.64522 -0.538386
-2.63894 -0.545289
-2.63265 -0.552134
-2.62637 -0.558921
-2.62009 -0.56565
-2.61381 -0.572321
-2.60752 -0.578934
-2.60124 -0.585489
-2.59496 -0.591987
-2.58867 -0.598427
-2.58239 -0.60481
-2.57611 -0.611136
-2.56982 -0.617405
-2.56354 -0.623617
-2.55726 -0.629773
-2.55097 -0.635871
-2.54469 -0.641914
-2.53841 -0.6479
-2.53212 -0.65383
-2.52584 -0.659704
-2.51956 -0.665522
-2.51327 -0.671284
-2.50699 -0.676991
-2.50071 -0.682642
-2.49442 -0.688238
-2.48814 -0.693779
-2.48186 -0.699265
-2.47558 -0.704696
-2.46929 -0.710072
-2.46301 -0.715393
-2.45673 -0.72066
-2.45044 -0.725873
-2.44416 -0.731032
-2.43788 -0.736136
-2.43159 -0.741186
-2.42531 -0.746183
-2.41903 -0.751126
-2.41274 -0.756016
-2.40646 -0.760852
-2.40018 -0.765635
-2.39389 -0.770364
-2.38761 -0.775041
-2.38133 -0.779665
-2.37504 -0.784237
-2.36876 -0.788756
-2.36248 -0.793222
-2.35619 -0.797636
-2.34991 -0.801998
-2.34363 -0.806308
-2.33734 -0.810566
-2.33106 -0.814773
-2.32478 -0.818928
-2.3185 -0.823031
-2.31221 -0.827084
-2.30593 -0.831085
-2.29965 -0.835035
-2.29336 -0.838934
-2.28708 -0.842783
-2.2808 -0.84658
-2.27451 -0.850328
-2.26823 -0.854025
-2.26195 -0.857672
-2.25566 -0.861269
-2.24938 -0.864816
-2.2431 -0.868313
-2.23681 -0.871761
-2.23053 -0.875159
-2.22425 -0.878508
-2.21796 -0.881807
-2.21168 -0.885058
-2.2054 -0.888259
-2.19911 -0.891412
-2.19283 -0.894516
-2.18655 -0.897572
-2.18027 -0.90058
-2.17398 -0.903539
-2.1677 -0.90645
-2.16142 -0.909313
-2.15513 -0.912128
-2.14885 -0.914895
-2.14257 -0.917615
-2.13628 -0.920288
-2.13 -0.922913
-2.12372 -0.925492
-2.11743 -0.928023
-2.11115 -0.930507
-2.10487 -0.932945
-2.09858 -0.935336
-2.0923 -0.937681
-2.08602 -0.93998
-2.07973 -0.942232
-2.07345 -0.944438
-2.06717 -0.946599
-2.06088 -0.948713
-2.0546 -0.950783
-2.04832 -0.952806
-2.04204 -0.954785
-2.03575 -0.956718
-2.02947 -0.958606
-2.02319 -0.960449
-2.0169 -0.962248
-2.01062 -0.964002
-2.00434 -0.965711
-1.99805 -0.967376
-1.99177 -0.968997
-1.98549 -0.970574
-1.9792 -0.972107
-1.97292 -0.973596
-1.96664 -0.975042
-1.96035 -0.976444
-1.95407 -0.977802
-1.94779 -0.979118
-1.9415 -0.98039
-1.93522 -0.981619
-1.92894 -0.982806
-1.92265 -0.98395
-1.91637 -0.985051
-1.91009 -0.98611
-1.90381 -0.987127
-1.89752 -0.988101
-1.89124 -0.989034
-1.88496 -0.989925
-1.87867 -0.990774
-1.87239 -0.991582
-1.86611 -0.992348
-1.85982 -0.993072
-1.85354 -0.993756
-1.84726 -0.994399
-1.84097 -0.995001
-1.83469 -0.995562
-1.82841 -0.996082
-1.82212 -0.996562
-1.81584 -0.997002
-1.80956 -0.997402
-1.80327 -0.997761
-1.79699 -0.998081
-1.79071 -0.998361
-1.78442 -0.998601
-1.77814 -0.998802
-1.77186 -0.998964
-1.76558 -0.999086
-1.75929 -0.999169
-1.75301 -0.999214
-1.74673 -0.999219
-1.74044 -0.999186
-1.73416 -0.999115
-1.72788 -0.999005
-1.72159 -0.998856
-1.71531 -0.99867
-1.70903 -0.998446
-1.70274 -0.998184
-1.69646 -0.997884
-1.69018 -0.997547
-1.68389 -0.997173
-1.67761 -0.996761
-1.67133 -0.996312
-1.66504 -0.995826
-1.65876 -0.995303
-1.65248 -0.994744
-1.64619 -0.994148
-1.63991 -0.993516
-1.63363 -0.992847
-1.62734 -0.992142
-1.62106 -0.991401
-1.61478 -0.990625
-1.6085 -0.989812
-1.60221 -0.988964
-1.59593 -0.988081
-1.58965 -0.987162
-1.58336 -0.986208
-1.57708 -0.985219
-1.5708 -0.984196
-1.56451 -0.983137
-1.55823 -0.982044
-1.55195 -0.980916
-1.54566 -0.979754
-1.53938 -0.978558
-1.5331 -0.977328
-1.52681 -0.976064
-1.52053 -0.974766
-1.51425 -0.973435
-1.50796 -0.97207
-1.50168 -0.970671
-1.4954 -0.96924
-1.48911 -0.967775
-1.48283 -0.966278
-1.47655 -0.964747
-1.47027 -0.963184
-1.46398 -0.961588
-1.4577 -0.959961
-1.45142 -0.9583
-1.44513 -0.956608
-1.43885 -0.954884
-1.43257 -0.953128
-1.42628 -0.95134
-1.42 -0.94952
-1.41372 -0.94767
-1.40743 -0.945788
-1.40115 -0.943874
-1.39487 -0.94193
-1.38858 -0.939955
-1.3823 -0.93795
-1.37602 -0.935913
-1.36973 -0.933846
-1.36345 -0.931749
-1.35717 -0.929622
-1.35088 -0.927465
-1.3446 -0.925278
-1.33832 -0.923061
-1.33204 -0.920814
-1.32575 -0.918539
-1.31947 -0.916233
-1.31319 -0.913899
-1.3069 -0.911535
-1.30062 -0.909143
-1.29434 -0.906722
-1.28805 -0.904272
-1.28177 -0.901794
-1.27549 -0.899287
-1.2692 -0.896752
-1.26292 -0.894189
-1.25664 -0.891598
-1.25035 -0.88898
-1.24407 -0.886333
-1.23779 -0.883659
-1.2315 -0.880958
-1.22522 -0.87823
-1.21894 -0.875474
-1.21265 -0.872692
-1.20637 -0.869882
-1.20009 -0.867046
-1.19381 -0.864184
-1.18752 -0.861295
-1.18124 -0.858379
-1.17496 -0.855438
-1.16867 -0.85247
-1.16239 -0.849477
-1.15611 -0.846458
-1.14982 -0.843414
-1.14354 -0.840344
-1.13726 -0.837248
-1.13097 -0.834128
-1.12469 -0.830983
-1.11841 -0.827812
-1.11212 -0.824617
-1.10584 -0.821397
-1.09956 -0.818153
-1.09327 -0.814885
-1.08699 -0.811592
-1.08071 -0.808276
-1.07442 -0.804935
-1.06814 -0.801571
-1.06186 -0.798183
-1.05558 -0.794771
-1.04929 -0.791336
-1.04301 -0.787878
-1.03673 -0.784397
-1.03044 -0.780893
-1.02416 -0.777366
-1.01788 -0.773817
-1.01159 -0.770245
-1.00531 -0.76665
-0.999026 -0.763034
-0.992743 -0.759395
-0.98646 -0.755734
-0.980177 -0.752052
-0.973894 -0.748348
-0.967611 -0.744622
-0.961327 -0.740875
-0.955044 -0.737106
-0.948761 -0.733317
-0.942478 -0.729506
-0.936195 -0.725675
-0.929911 -0.721823
-0.923628 -0.71795
-0.917345 -0.714057
-0.911062 -0.710144
-0.904779 -0.70621
-0.898495 -0.702257
-0.892212 -0.698283
-0.885929 -0.69429
-0.879646 -0.690278
-0.873363 -0.686245
-0.86708 -0.682194
-0.860796 -0.678123
-0.854513 -0.674033
-0.84823 -0.669925
-0.841947 -0.665797
-0.835664 -0.661651
-0.82938 -0.657487
-0.823097 -0.653304
-0.816814 -0.649103
-0.810531 -0.644884
-0.804248 -0.640647
-0.797965 -0.636392
-0.791681 -0.632119
-0.785398 -0.627829
-0.779115 -0.623522
-0.772832 -0.619197
-0.766549 -0.614856
-0.760265 -0.610497
-0.753982 -0.606121
-0.747699 -0.601729
-0.741416 -0.59732
-0.735133 -0.592895
-0.728849 -0.588454
-0.722566 -0.583996
-0.716283 -0.579523
-0.71 -0.575034
-0.703717 -0.570529
-0.697434 -0.566008
-0.69115 -0.561472
-0.684867 -0.556921
-0.678584 -0.552354
-0.672301 -0.547773
-0.666018 -0.543176
-0.659734 -0.538565
-0.653451 -0.53394
-0.647168 -0.529299
-0.640885 -0.524645
-0.634602 -0.519976
-0.628319 -0.515294
-0.622035 -0.510597
-0.615752 -0.505887
-0.609469 -0.501163
-0.603186 -0.496425
-0.596903 -0.491675
-0.590619 -0.486911
-0.584336 -0.482134
-0.578053 -0.477344
-0.57177 -0.472541
-0.565487 -0.467725
-0.559203 -0.462898
-0.55292 -0.458057
-0.546637 -0.453205
-0.540354 -0.44834
-0.534071 -0.443464
-0.527788 -0.438575
-0.521504 -0.433675
-0.515221 -0.428764
-0.508938 -0.423841
-0.502655 -0.418906
-0.496372 -0.413961
-0.490088 -0.409005
-0.483805 -0.404038
-0.477522 -0.39906
-0.471239 -0.394071
-0.464956 -0.389072
-0.458673 -0.384063
-0.452389 -0.379044
-0.446106 -0.374015
-0.439823 -0.368975
-0.43354 -0.363927
-0.427257 -0.358868
-0.420973 -0.3538
-0.41469 -0.348723
-0.408407 -0.343636
-0.402124 -0.338541
-0.395841 -0.333437
-0.389557 -0.328323
-0.383274 -0.323202
-0.376991 -0.318071
-0.370708 -0.312933
-0.364425 -0.307786
-0.358142 -0.302631
-0.351858 -0.297469
-0.345575 -0.292298
-0.339292 -0.28712
-0.333009 -0.281934
-0.326726 -0.276741
-0.320442 -0.271541
-0.314159 -0.266334
-0.307876 -0.261119
-0.301593 -0.255898
-0.29531 -0.25067
-0.289027 -0.245436
-0.282743 -0.240195
-0.27646 -0.234948
-0.270177 -0.229695
-0.263894 -0.224436
-0.257611 -0.219171
-0.251327 -0.213901
-0.245044 -0.208625
-0.238761 -0.203343
-0.232478 -0.198056
-0.226195 -0.192764
-0.219911 -0.187467
-0.213628 -0.182165
-0.207345 -0.176859
-0.201062 -0.171548
-0.194779 -0.166232
-0.188496 -0.160912
-0.182212 -0.155588
-0.175929 -0.15026
-0.169646 -0.144928
-0.163363 -0.139592
-0.15708 -0.134253
-0.150796 -0.12891
-0.144513 -0.123564
-0.13823 -0.118214
-0.131947 -0.112862
-0.125664 -0.107506
-0.119381 -0.102148
-0.113097 -0.0967874
-0.106814 -0.0914241
-0.100531 -0.0860585
-0.0942478 -0.0806906
-0.0879646 -0.0753206
-0.0816814 -0.0699487
-0.0753982 -0.064575
-0.069115 -0.0591996
-0.0628319 -0.0538227
-0.0565487 -0.0484444
-0.0502655 -0.0430648
-0.0439823 -0.0376841
-0.0376991 -0.0323025
-0.0314159 -0.02692
-0.0251327 -0.0215369
-0.0188496 -0.0161531
-0.0125664 -0.010769
-0.00628319 -0.00538456
0 0
0.00628319 0.00538456
0.0125664 0.010769
0.0188496 0.0161531
0.0251327 0.0215369
0.0314159 0.02692
0.0376991 0.0323025
0.0439823 0.0376841
0.0502655 0.0430648
0.0565487 0.0484444
0.0628319 0.0538227
0.069115 0.0591996
0.0753982 0.064575
0.0816814 0.0699487
0.0879646 0.0753206
0.0942478 0.0806906
0.100531 0.0860585
0.106814 0.0914241
0.113097 0.0967874
0.119381 0.102148
0.125664 0.107506
0.131947 0.112862
0.13823 0.118214
0.144513 0.123564
0.150796 0.12891
0.15708 0.134253
0.163363 0.139592
0.169646 0.144928
0.175929 0.15026
0.182212 0.155588
0.188496 0.160912
0.194779 0.166232
0.201062 0.171548
0.207345 0.176859
0.213628 0.182165
0.219911 0.187467
0.226195 0.192764
0.232478 0.198056
0.238761 0.203343
0.245044 0.208625
0.251327 0.213901
0.257611 0.219171
0.263894 0.224436
0.270177 0.229695
0.27646 0.234948
0.282743 0.240195
0.289027 0.245436
0.29531 0.25067
0.301593 0.255898
0.307876 0.261119
0.314159 0.266334
0.320442 0.271541
0.326726 0.276741
0.333009 0.281934
0.339292 0.28712
0.345575 0.292298
0.351858 0.297469
0.358142 0.302631
0.364425 0.307786
0.370708 0.312933
0.376991 0.318071
0.383274 0.323202
0.389557 0.328323
0.395841 0.333437
0.402124 0.338541
0.408407 0.343636
0.41469 0.348723
0.420973 0.3538
0.427257 0.358868
0.43354 0.363927
0.439823 0.368975
0.446106 0.374015
0.452389 0.379044
0.458673 0.384063
0.464956 0.389072
0.471239 0.394071
0.477522 0.39906
0.483805 0.404038
0.490088 0.409005
0.496372 0.413961
0.502655 0.418906
0.508938 0.423841
0.515221 0.428764
0.521504 0.433675
0.527788 0.438575
0.534071 0.443464
0.540354 0.44834
0.546637 0.453205
0.55292 0.458057
0.559203 0.462898
0.565487 0.467725
0.57177 0.472541
0.578053 0.477344
0.584336 0.482134
0.590619 0.486911
0.596903 0.491675
0.603186 0.496425
0.609469 0.501163
0.615752 0.505887
0.622035 0.510597
0.628319 0.515294
0.634602 0.519976
0.640885 0.524645
0.647168 0.529299
0.653451 0.53394
0.659734 0.538565
0.666018 0.543176
0.672301 0.547773
0.678584 0.552354
0.684867 0.556921
0.69115 0.561472
0.697434 0.566008
0.703717 0.570529
0.71 0.575034
0.716283 0.579523
0.722566 0.583996
0.728849 0.588454
0.735133 0.592895
0.741416 0.59732
0.747699 0.601729
0.753982 0.606121
0.760265 0.610497
0.766549 0.614856
0.772832 0.619197
0.779115 0.623522
0.785398 0.627829
0.791681 0.632119
0.797965 0.636392
0.804248 0.640647
0.810531 0.644884
0.816814 0.649103
0.823097 0.653304
0.82938 0.657487
0.835664 0.661651
0.841947 0.665797
0.84823 0.669925
0.854513 0.674033
0.860796 0.678123
0.86708 0.682194
0.873363 0.686245
0.879646 0.690278
0.885929 0.69429
0.892212 0.698283
0.898495 0.702257
0.904779 0.70621
0.911062 0.710144
0.917345 0.714057
0.923628 0.71795
0.929911 0.721823
0.936195 0.725675
0.942478 0.729506
0.948761 0.733317
0.955044 0.737106
0.961327 0.740875
0.967611 0.744622
0.973894 0.748348
0.980177 0.752052
0.98646 0.755734
0.992743 0.759395
0.999026 0.763034
1.00531 0.76665
1.01159 0.770245
1.01788 0.773817
1.02416 0.777366
1.03044 0.780893
1.03673 0.784397
1.04301 0.787878
1.04929 0.791336
1.05558 0.794771
1.06186 0.798183
1.06814 0.801571
1.07442 0.804935
1.08071 0.808276
1.08699 0.811592
1.09327 0.814885
1.09956 0.818153
1.10584 0.821397
1.11212 0.824617
1.11841 0.827812
1.12469 0.830983
1.13097 0.834128
1.13726 0.837248
1.14354 0.840344
1.14982 0.843414
1.15611 0.846458
1.16239 0.849477
1.16867 0.85247
1.17496 0.855438
1.18124 0.858379
1.18752 0.861295
1.19381 0.864184
1.20009 0.867046
1.20637 0.869882
1.21265 0.872692
1.21894 0.875474
1.22522 0.87823
1.2315 0.880958
1.23779 0.883659
1.24407 0.886333
1.25035 0.88898
1.25664 0.891598
1.26292 0.894189
1.2692 0.896752
1.27549 0.899287
1.28177 0.901794
1.28805 0.904272
1.29434 0.906722
1.30062 0.909143
1.3069 0.911535
1.31319 0.913899
1.31947 0.916233
1.32575 0.918539
1.33204 0.920814
1.33832 0.923061
1.3446 0.925278
1.35088 0.927465
1.35717 0.929622
1.36345 0.931749
1.36973 0.933846
1.37602 0.935913
1.3823 0.93795
1.38858 0.939955
1.39487 0.94193
1.40115 0.943874
1.40743 0.945788
1.41372 0.94767
1.42 0.94952
1.42628 0.95134
1.43257 0.953128
1.43885 0.954884
1.44513 0.956608
1.45142 0.9583
1.4577 0.959961
1.46398 0.961588
1.47027 0.963184
1.47655 0.964747
1.48283 0.966278
1.48911 0.967775
1.4954 0.96924
1.50168 0.970671
1.50796 0.97207
1.51425 0.973435
1.52053 0.974766
1.52681 0.976064
1.5331 0.977328
1.53938 0.978558
1.54566 0.979754
1.55195 0.980916
1.55823 0.982044
1.56451 0.983137
1.5708 0.984196
1.57708 0.985219
1.58336 0.986208
1.58965 0.987162
1.59593 0.988081
1.60221 0.988964
1.6085 0.989812
1.61478 0.990625
1.62106 0.991401
1.62734 0.992142
1.63363 0.992847
1.63991 0.993516
1.64619 0.994148
1.65248 0.994744
1.65876 0.995303
1.66504 0.995826
1.67133 0.996312
1.67761 0.996761
1.68389 0.997173
1.69018 0.997547
1.69646 0.997884
1.70274 0.998184
1.70903 0.998446
1.71531 0.99867
1.72159 0.998856
1.72788 0.999005
1.73416 0.999115
1.74044 0.999186
1.74673 0.999219
1.75301 0.999214
1.75929 0.999169
1.76558 0.999086
1.77186 0.998964
1.77814 0.998802
1.78442 0.998601
1.79071 0.998361
1.79699 0.998081
1.80327 0.997761
1.80956 0.997402
1.81584 0.997002
1.82212 0.996562
1.82841 0.996082
1.83469 0.995562
1.84097 0.995001
1.84726 0.994399
1.85354 0.993756
1.85982 0.993072
1.86611 0.992348
1.87239 0.991582
1.87867 0.990774
1.88496 0.989925
1.89124 0.989034
1.89752 0.988101
1.90381 0.987127
1.91009 0.98611
1.91637 0.985051
1.92265 0.98395
1.92894 0.982806
1.93522 0.981619
1.9415 0.98039
1.94779 0.979118
1.95407 0.977802
1.96035 0.976444
1.96664 0.975042
1.97292 0.973596
1.9792 0.972107
1.98549 0.970574
1.99177 0.968997
1.99805 0.967376
2.00434 0.965711
2.01062 0.964002
2.0169 0.962248
2.02319 0.960449
2.02947 0.958606
2.03575 0.956718
2.04204 0.954785
2.04832 0.952806
2.0546 0.950783
2.06088 0.948713
2.06717 0.946599
2.07345 0.944438
2.07973 0.942232
2.08602 0.93998
2.0923 0.937681
2.09858 0.935336
2.10487 0.932945
2.11115 0.930507
2.11743 0.928023
2.12372 0.925492
2.13 0.922913
2.13628 0.920288
2.14257 0.917615
2.14885 0.914895
2.15513 0.912128
2.16142 0.909313
2.1677 0.90645
2.17398 0.903539
2.18027 0.90058
2.18655 0.897572
2.19283 0.894516
2.19911 0.891412
2.2054 0.888259
2.21168 0.885058
2.21796 0.881807
2.22425 0.878508
2.23053 0.875159
2.23681 0.871761
2.2431 0.868313
2.24938 0.864816
2.25566 0.861269
2.26195 0.857672
2.26823 0.854025
2.27451 0.850328
2.2808 0.84658
2.28708 0.842783
2.29336 0.838934
2.29965 0.835035
2.30593 0.831085
2.31221 0.827084
2.3185 0.823031
2.32478 0.818928
2.33106 0.814773
2.33734 0.810566
2.34363 0.806308
2.34991 0.801998
2.35619 0.797636
2.36248 0.793222
2.36876 0.788756
2.37504 0.784237
2.38133 0.779665
2.38761 0.775041
2.39389 0.770364
2.40018 0.765635
2.40646 0.760852
2.41274 0.756016
2.41903 0.751126
2.42531 0.746183
2.43159 0.741186
2.43788 0.736136
2.44416 0.731032
2.45044 0.725873
2.45673 0.72066
2.46301 0.715393
2.46929 0.710072
2.47558 0.704696
2.48186 0.699265
2.48814 0.693779
2.49442 0.688238
2.50071 0.682642
2.50699 0.676991
2.51327 0.671284
2.51956 0.665522
2.52584 0.659704
2.53212 0.65383
2.53841 0.6479
2.54469 0.641914
2.55097 0.635871
2.55726 0.629773
2.56354 0.623617
2.56982 0.617405
2.57611 0.611136
2.58239 0.60481
2.58867 0.598427
2.59496 0.591987
2.60124 0.585489
2.60752 0.578934
2.61381 0.572321
2.62009 0.56565
2.62637 0.558921
2.63265 0.552134
2.63894 0.545289
2.64522 0.538386
2.6515 0.531424
2.65779 0.524403
2.66407 0.517324
2.67035 0.510185
2.67664 0.502988
2.68292 0.495731
2.6892 0.488415
2.69549 0.48104
2.70177 0.473605
2.70805 0.46611
2.71434 0.458555
2.72062 0.45094
2.7269 0.443265
2.73319 0.43553
2.73947 0.427734
2.74575 0.419878
2.75204 0.411961
2.75832 0.403983
2.7646 0.395944
2.77088 0.387844
2.77717 0.379682
2.78345 0.371459
2.78973 0.363175
2.79602 0.354829
2.8023 0.346421
2.80858 0.337951
2.81487 0.329419
2.82115 0.320824
2.82743 0.312167
2.83372 0.303448
2.84 0.294666
2.84628 0.285821
2.85257 0.276913
2.85885 0.267942
2.86513 0.258908
2.87142 0.249811
2.8777 0.24065
2.88398 0.231425
2.89027 0.222136
2.89655 0.212784
2.90283 0.203367
2.90911 0.193887
2.9154 0.184342
2.92168 0.174732
2.92796 0.165058
2.93425 0.155319
2.94053 0.145515
2.94681 0.135646
2.9531 0.125712
2.95938 0.115712
2.96566 0.105648
2.97195 0.0955171
2.97823 0.0853208
2.98451 0.0750587
2.9908 0.0647305
2.99708 0.0543362
3.00336 0.0438756
3.00965 0.0333486
3.01593 0.022755
3.02221 0.0120946
3.0285 0.00136745
3.03478 -0.00942673
3.04106 -0.020288
3.04734 -0.0312166
3.05363 -0.0422126
3.05991 -0.0532762
3.06619 -0.0644074
3.07248 -0.0756064
3.07876 -0.0868735
3.08504 -0.0982086
3.09133 -0.109612
3.09761 -0.121084
3.10389 -0.132624
3.11018 -0.144233
3.11646 -0.155911
3.12274 -0.167657
3.12903 -0.179473
3.13531 -0.191358
