-3.14159 -0.0159779
-3.13531 -0.0213995
-3.12903 -0.0268431
-3.12274 -0.0323081
-3.11646 -0.0377939
-3.11018 -0.0432999
-3.10389 -0.0488256
-3.09761 -0.0543704
-3.09133 -0.0599337
-3.08504 -0.065515
-3.07876 -0.0711136
-3.07248 -0.0767289
-3.06619 -0.0823605
-3.05991 -0.0880078
-3.05363 -0.0936702
-3.04734 -0.0993472
-3.04106 -0.105038
-3.03478 -0.110743
-3.0285 -0.11646
-3.02221 -0.12219
-3.01593 -0.127931
-3.00965 -0.133684
-3.00336 -0.139448
-2.99708 -0.145222
-2.9908 -0.151005
-2.98451 -0.156798
-2.97823 -0.1626
-2.97195 -0.168409
-2.96566 -0.174226
-2.95938 -0.180051
-2.9531 -0.185882
-2.94681 -0.191719
-2.94053 -0.197562
-2.93425 -0.20341
-2.92796 -0.209263
-2.92168 -0.21512
-2.9154 -0.22098
-2.90911 -0.226844
-2.90283 -0.23271
-2.89655 -0.238579
-2.89027 -0.244449
-2.88398 -0.250321
-2.8777 -0.256193
-2.87142 -0.262066
-2.86513 -0.267938
-2.85885 -0.27381
-2.85257 -0.279681
-2.84628 -0.285551
-2.84 -0.291418
-2.83372 -0.297284
-2.82743 -0.303146
-2.82115 -0.309005
-2.81487 -0.31486
-2.80858 -0.320712
-2.8023 -0.326558
-2.79602 -0.3324
-2.78973 -0.338236
-2.78345 -0.344066
-2.77717 -0.34989
-2.77088 -0.355707
-2.7646 -0.361518
-2.75832 -0.36732
-2.75204 -0.373115
-2.74575 -0.378901
-2.73947 -0.384679
-2.73319 -0.390447
-2.7269 -0.396206
-2.72062 -0.401955
-2.71434 -0.407694
-2.70805 -0.413422
-2.70177 -0.419139
-2.69549 -0.424844
-2.6892 -0.430537
-2.68292 -0.436218
-2.67664 -0.441887
-2.67035 -0.447542
-2.66407 -0.453185
-2.65779 -0.458813
-2.6515 -0.464427
-2.64522 -0.470027
-2.63894 -0.475612
-2.63265 -0.481182
-2.62637 -0.486736
-2.62009 -0.492275
-2.61381 -0.497797
-2.60752 -0.503303
-2.60124 -0.508791
-2.59496 -0.514263
-2.58867 -0.519717
-2.58239 -0.525153
-2.57611 -0.530571
-2.56982 -0.53597
-2.56354 -0.54135
-2.55726 -0.546711
-2.55097 -0.552053
-2.54469 -0.557374
-2.53841 -0.562676
-2.53212 -0.567957
-2.52584 -0.573217
-2.51956 -0.578456
-2.51327 -0.583674
-2.50699 -0.58887
-2.50071 -0.594044
-2.49442 -0.599196
-2.48814 -0.604325
-2.48186 -0.609431
-2.47558 -0.614514
-2.46929 -0.619574
-2.46301 -0.62461
-2.45673 -0.629622
-2.45044 -0.634609
-2.44416 -0.639572
-2.43788 -0.644511
-2.43159 -0.649424
-2.42531 -0.654311
-2.41903 -0.659174
-2.41274 -0.66401
-2.40646 -0.66882
-2.40018 -0.673603
-2.39389 -0.67836
-2.38761 -0.68309
-2.38133 -0.687793
-2.37504 -0.692469
-2.36876 -0.697116
-2.36248 -0.701736
-2.35619 -0.706328
-2.34991 -0.710891
-2.34363 -0.715426
-2.33734 -0.719932
-2.33106 -0.724409
-2.32478 -0.728857
-2.3185 -0.733275
-2.31221 -0.737663
-2.30593 -0.742021
-2.29965 -0.746349
-2.29336 -0.750647
-2.28708 -0.754914
-2.2808 -0.759151
-2.27451 -0.763356
-2.26823 -0.76753
-2.26195 -0.771673
-2.25566 -0.775784
-2.24938 -0.779863
-2.2431 -0.78391
-2.23681 -0.787925
-2.23053 -0.791908
-2.22425 -0.795858
-2.21796 -0.799775
-2.21168 -0.803659
-2.2054 -0.80751
-2.19911 -0.811328
-2.19283 -0.815112
-2.18655 -0.818863
-2.18027 -0.82258
-2.17398 -0.826263
-2.1677 -0.829911
-2.16142 -0.833526
-2.15513 -0.837105
-2.14885 -0.84065
-2.14257 -0.844161
-2.13628 -0.847636
-2.13 -0.851076
-2.12372 -0.854481
-2.11743 -0.85785
-2.11115 -0.861184
-2.10487 -0.864483
-2.09858 -0.867745
-2.0923 -0.870971
-2.08602 -0.874161
-2.07973 -0.877315
-2.07345 -0.880433
-2.06717 -0.883513
-2.06088 -0.886558
-2.0546 -0.889565
-2.04832 -0.892536
-2.04204 -0.895469
-2.03575 -0.898365
-2.02947 -0.901225
-2.02319 -0.904046
-2.0169 -0.90683
-2.01062 -0.909577
-2.00434 -0.912286
-1.99805 -0.914956
-1.99177 -0.917589
-1.98549 -0.920184
-1.9792 -0.922741
-1.97292 -0.92526
-1.96664 -0.92774
-1.96035 -0.930182
-1.95407 -0.932585
-1.94779 -0.934949
-1.9415 -0.937275
-1.93522 -0.939562
-1.92894 -0.941811
-1.92265 -0.94402
-1.91637 -0.94619
-1.91009 -0.948321
-1.90381 -0.950413
-1.89752 -0.952466
-1.89124 -0.954479
-1.88496 -0.956453
-1.87867 -0.958387
-1.87239 -0.960282
-1.86611 -0.962137
-1.85982 -0.963952
-1.85354 -0.965728
-1.84726 -0.967464
-1.84097 -0.96916
-1.83469 -0.970816
-1.82841 -0.972433
-1.82212 -0.974009
-1.81584 -0.975545
-1.80956 -0.977041
-1.80327 -0.978497
-1.79699 -0.979913
-1.79071 -0.981288
-1.78442 -0.982623
-1.77814 -0.983918
-1.77186 -0.985173
-1.76558 -0.986387
-1.75929 -0.98756
-1.75301 -0.988694
-1.74673 -0.989787
-1.74044 -0.990839
-1.73416 -0.991851
-1.72788 -0.992822
-1.72159 -0.993753
-1.71531 -0.994643
-1.70903 -0.995492
-1.70274 -0.996301
-1.69646 -0.997069
-1.69018 -0.997797
-1.68389 -0.998484
-1.67761 -0.99913
-1.67133 -0.999736
-1.66504 -1.0003
-1.65876 -1.00083
-1.65248 -1.00131
-1.64619 -1.00175
-1.63991 -1.00215
-1.63363 -1.00252
-1.62734 -1.00284
-1.62106 -1.00312
-1.61478 -1.00336
-1.6085 -1.00356
-1.60221 -1.00371
-1.59593 -1.00383
-1.58965 -1.00391
-1.58336 -1.00395
-1.57708 -1.00394
-1.5708 -1.0039
-1.56451 -1.00381
-1.55823 -1.00369
-1.55195 -1.00352
-1.54566 -1.00332
-1.53938 -1.00307
-1.5331 -1.00278
-1.52681 -1.00245
-1.52053 -1.00209
-1.51425 -1.00168
-1.50796 -1.00123
-1.50168 -1.00074
-1.4954 -1.00021
-1.48911 -0.999645
-1.48283 -0.999037
-1.47655 -0.998388
-1.47027 -0.997699
-1.46398 -0.996971
-1.4577 -0.996202
-1.45142 -0.995394
-1.44513 -0.994546
-1.43885 -0.993659
-1.43257 -0.992731
-1.42628 -0.991765
-1.42 -0.990758
-1.41372 -0.989712
-1.40743 -0.988627
-1.40115 -0.987502
-1.39487 -0.986339
-1.38858 -0.985135
-1.3823 -0.983893
-1.37602 -0.982612
-1.36973 -0.981292
-1.36345 -0.979932
-1.35717 -0.978534
-1.35088 -0.977097
-1.3446 -0.975622
-1.33832 -0.974108
-1.33204 -0.972555
-1.32575 -0.970964
-1.31947 -0.969334
-1.31319 -0.967666
-1.3069 -0.96596
-1.30062 -0.964216
-1.29434 -0.962434
-1.28805 -0.960614
-1.28177 -0.958756
-1.27549 -0.95686
-1.2692 -0.954926
-1.26292 -0.952955
-1.25664 -0.950947
-1.25035 -0.948901
-1.24407 -0.946818
-1.23779 -0.944698
-1.2315 -0.94254
-1.22522 -0.940346
-1.21894 -0.938115
-1.21265 -0.935847
-1.20637 -0.933542
-1.20009 -0.931201
-1.19381 -0.928823
-1.18752 -0.926409
-1.18124 -0.923959
-1.17496 -0.921473
-1.16867 -0.91895
-1.16239 -0.916392
-1.15611 -0.913798
-1.14982 -0.911169
-1.14354 -0.908504
-1.13726 -0.905803
-1.13097 -0.903068
-1.12469 -0.900297
-1.11841 -0.897491
-1.11212 -0.89465
-1.10584 -0.891774
-1.09956 -0.888864
-1.09327 -0.88592
-1.08699 -0.88294
-1.08071 -0.879927
-1.07442 -0.87688
-1.06814 -0.873798
-1.06186 -0.870683
-1.05558 -0.867534
-1.04929 -0.864351
-1.04301 -0.861135
-1.03673 -0.857886
-1.03044 -0.854603
-1.02416 -0.851287
-1.01788 -0.847939
-1.01159 -0.844558
-1.00531 -0.841144
-0.999026 -0.837698
-0.992743 -0.834219
-0.98646 -0.830709
-0.980177 -0.827166
-0.973894 -0.823591
-0.967611 -0.819985
-0.961327 -0.816347
-0.955044 -0.812678
-0.948761 -0.808978
-0.942478 -0.805246
-0.936195 -0.801484
-0.929911 -0.79769
-0.923628 -0.793866
-0.917345 -0.790012
-0.911062 -0.786127
-0.904779 -0.782213
-0.898495 -0.778268
-0.892212 -0.774293
-0.885929 -0.770289
-0.879646 -0.766256
-0.873363 -0.762193
-0.86708 -0.7581
-0.860796 -0.753979
-0.854513 -0.749829
-0.84823 -0.745651
-0.841947 -0.741444
-0.835664 -0.737208
-0.82938 -0.732945
-0.823097 -0.728653
-0.816814 -0.724334
-0.810531 -0.719987
-0.804248 -0.715613
-0.797965 -0.711211
-0.791681 -0.706782
-0.785398 -0.702327
-0.779115 -0.697844
-0.772832 -0.693336
-0.766549 -0.6888
-0.760265 -0.684239
-0.753982 -0.679651
-0.747699 -0.675038
-0.741416 -0.670399
-0.735133 -0.665735
-0.728849 -0.661045
-0.722566 -0.656331
-0.716283 -0.651591
-0.71 -0.646827
-0.703717 -0.642038
-0.697434 -0.637225
-0.69115 -0.632388
-0.684867 -0.627526
-0.678584 -0.622641
-0.672301 -0.617733
-0.666018 -0.612801
-0.659734 -0.607846
-0.653451 -0.602868
-0.647168 -0.597867
-0.640885 -0.592844
-0.634602 -0.587798
-0.628319 -0.58273
-0.622035 -0.57764
-0.615752 -0.572528
-0.609469 -0.567394
-0.603186 -0.562239
-0.596903 -0.557063
-0.590619 -0.551866
-0.584336 -0.546648
-0.578053 -0.54141
-0.57177 -0.536151
-0.565487 -0.530872
-0.559203 -0.525573
-0.55292 -0.520254
-0.546637 -0.514915
-0.540354 -0.509557
-0.534071 -0.50418
-0.527788 -0.498784
-0.521504 -0.49337
-0.515221 -0.487936
-0.508938 -0.482485
-0.502655 -0.477015
-0.496372 -0.471527
-0.490088 -0.466022
-0.483805 -0.460499
-0.477522 -0.454959
-0.471239 -0.449402
-0.464956 -0.443828
-0.458673 -0.438237
-0.452389 -0.43263
-0.446106 -0.427006
-0.439823 -0.421367
-0.43354 -0.415711
-0.427257 -0.410041
-0.420973 -0.404354
-0.41469 -0.398653
-0.408407 -0.392937
-0.402124 -0.387206
-0.395841 -0.38146
-0.389557 -0.3757
-0.383274 -0.369927
-0.376991 -0.364139
-0.370708 -0.358338
-0.364425 -0.352523
-0.358142 -0.346695
-0.351858 -0.340854
-0.345575 -0.335001
-0.339292 -0.329134
-0.333009 -0.323256
-0.326726 -0.317365
-0.320442 -0.311463
-0.314159 -0.305549
-0.307876 -0.299623
-0.301593 -0.293687
-0.29531 -0.287739
-0.289027 -0.281781
-0.282743 -0.275812
-0.27646 -0.269833
-0.270177 -0.263844
-0.263894 -0.257844
-0.257611 -0.251836
-0.251327 -0.245818
-0.245044 -0.23979
-0.238761 -0.233754
-0.232478 -0.227709
-0.226195 -0.221656
-0.219911 -0.215594
-0.213628 -0.209524
-0.207345 -0.203446
-0.201062 -0.197361
-0.194779 -0.191269
-0.188496 -0.185169
-0.182212 -0.179062
-0.175929 -0.172949
-0.169646 -0.16683
-0.163363 -0.160704
-0.15708 -0.154572
-0.150796 -0.148434
-0.144513 -0.142291
-0.13823 -0.136142
-0.131947 -0.129989
-0.125664 -0.12383
-0.119381 -0.117667
-0.113097 -0.1115
-0.106814 -0.105329
-0.100531 -0.099153
-0.0942478 -0.0929739
-0.0879646 -0.0867912
-0.0816814 -0.0806054
-0.0753982 -0.0744165
-0.069115 -0.0682249
-0.0628319 -0.0620307
-0.0565487 -0.0558342
-0.0502655 -0.0496356
-0.0439823 -0.0434352
-0.0376991 -0.0372332
-0.0314159 -0.0310298
-0.0251327 -0.0248252
-0.0188496 -0.0186197
-0.0125664 -0.0124135
-0.00628319 -0.00620688
0 0
0.00628319 0.00620688
0.0125664 0.0124135
0.0188496 0.0186197
0.0251327 0.0248252
0.0314159 0.0310298
0.0376991 0.0372332
0.0439823 0.0434352
0.0502655 0.0496356
0.0565487 0.0558342
0.0628319 0.0620307
0.069115 0.0682249
0.0753982 0.0744165
0.0816814 0.0806054
0.0879646 0.0867912
0.0942478 0.0929739
0.100531 0.099153
0.106814 0.105329
0.113097 0.1115
0.119381 0.117667
0.125664 0.12383
0.131947 0.129989
0.13823 0.136142
0.144513 0.142291
0.150796 0.148434
0.15708 0.154572
0.163363 0.160704
0.169646 0.16683
0.175929 0.172949
0.182212 0.179062
0.188496 0.185169
0.194779 0.191269
0.201062 0.197361
0.207345 0.203446
0.213628 0.209524
0.219911 0.215594
0.226195 0.221656
0.232478 0.227709
0.238761 0.233754
0.245044 0.23979
0.251327 0.245818
0.257611 0.251836
0.263894 0.257844
0.270177 0.263844
0.27646 0.269833
0.282743 0.275812
0.289027 0.281781
0.29531 0.287739
0.301593 0.293687
0.307876 0.299623
0.314159 0.305549
0.320442 0.311463
0.326726 0.317365
0.333009 0.323256
0.339292 0.329134
0.345575 0.335001
0.351858 0.340854
0.358142 0.346695
0.364425 0.352523
0.370708 0.358338
0.376991 0.364139
0.383274 0.369927
0.389557 0.3757
0.395841 0.38146
0.402124 0.387206
0.408407 0.392937
0.41469 0.398653
0.420973 0.404354
0.427257 0.410041
0.43354 0.415711
0.439823 0.421367
0.446106 0.427006
0.452389 0.43263
0.458673 0.438237
0.464956 0.443828
0.471239 0.449402
0.477522 0.454959
0.483805 0.460499
0.490088 0.466022
0.496372 0.471527
0.502655 0.477015
0.508938 0.482485
0.515221 0.487936
0.521504 0.49337
0.527788 0.498784
0.534071 0.50418
0.540354 0.509557
0.546637 0.514915
0.55292 0.520254
0.559203 0.525573
0.565487 0.530872
0.57177 0.536151
0.578053 0.54141
0.584336 0.546648
0.590619 0.551866
0.596903 0.557063
0.603186 0.562239
0.609469 0.567394
0.615752 0.572528
0.622035 0.57764
0.628319 0.58273
0.634602 0.587798
0.640885 0.592844
0.647168 0.597867
0.653451 0.602868
0.659734 0.607846
0.666018 0.612801
0.672301 0.617733
0.678584 0.622641
0.684867 0.627526
0.69115 0.632388
0.697434 0.637225
0.703717 0.642038
0.71 0.646827
0.716283 0.651591
0.722566 0.656331
0.728849 0.661045
0.735133 0.665735
0.741416 0.670399
0.747699 0.675038
0.753982 0.679651
0.760265 0.684239
0.766549 0.6888
0.772832 0.693336
0.779115 0.697844
0.785398 0.702327
0.791681 0.706782
0.797965 0.711211
0.804248 0.715613
0.810531 0.719987
0.816814 0.724334
0.823097 0.728653
0.82938 0.732945
0.835664 0.737208
0.841947 0.741444
0.84823 0.745651
0.854513 0.749829
0.860796 0.753979
0.86708 0.7581
0.873363 0.762193
0.879646 0.766256
0.885929 0.770289
0.892212 0.774293
0.898495 0.778268
0.904779 0.782213
0.911062 0.786127
0.917345 0.790012
0.923628 0.793866
0.929911 0.79769
0.936195 0.801484
0.942478 0.805246
0.948761 0.808978
0.955044 0.812678
0.961327 0.816347
0.967611 0.819985
0.973894 0.823591
0.980177 0.827166
0.98646 0.830709
0.992743 0.834219
0.999026 0.837698
1.00531 0.841144
1.01159 0.844558
1.01788 0.847939
1.02416 0.851287
1.03044 0.854603
1.03673 0.857886
1.04301 0.861135
1.04929 0.864351
1.05558 0.867534
1.06186 0.870683
1.06814 0.873798
1.07442 0.87688
1.08071 0.879927
1.08699 0.88294
1.09327 0.88592
1.09956 0.888864
1.10584 0.891774
1.11212 0.89465
1.11841 0.897491
1.12469 0.900297
1.13097 0.903068
1.13726 0.905803
1.14354 0.908504
1.14982 0.911169
1.15611 0.913798
1.16239 0.916392
1.16867 0.91895
1.17496 0.921473
1.18124 0.923959
1.18752 0.926409
1.19381 0.928823
1.20009 0.931201
1.20637 0.933542
1.21265 0.935847
1.21894 0.938115
1.22522 0.940346
1.2315 0.94254
1.23779 0.944698
1.24407 0.946818
1.25035 0.948901
1.25664 0.950947
1.26292 0.952955
1.2692 0.954926
1.27549 0.95686
1.28177 0.958756
1.28805 0.960614
1.29434 0.962434
1.30062 0.964216
1.3069 0.96596
1.31319 0.967666
1.31947 0.969334
1.32575 0.970964
1.33204 0.972555
1.33832 0.974108
1.3446 0.975622
1.35088 0.977097
1.35717 0.978534
1.36345 0.979932
1.36973 0.981292
1.37602 0.982612
1.3823 0.983893
1.38858 0.985135
1.39487 0.986339
1.40115 0.987502
1.40743 0.988627
1.41372 0.989712
1.42 0.990758
1.42628 0.991765
1.43257 0.992731
1.43885 0.993659
1.44513 0.994546
1.45142 0.995394
1.4577 0.996202
1.46398 0.996971
1.47027 0.997699
1.47655 0.998388
1.48283 0.999037
1.48911 0.999645
1.4954 1.00021
1.50168 1.00074
1.50796 1.00123
1.51425 1.00168
1.52053 1.00209
1.52681 1.00245
1.5331 1.00278
1.53938 1.00307
1.54566 1.00332
1.55195 1.00352
1.55823 1.00369
1.56451 1.00381
1.5708 1.0039
1.57708 1.00394
1.58336 1.00395
1.58965 1.00391
1.59593 1.00383
1.60221 1.00371
1.6085 1.00356
1.61478 1.00336
1.62106 1.00312
1.62734 1.00284
1.63363 1.00252
1.63991 1.00215
1.64619 1.00175
1.65248 1.00131
1.65876 1.00083
1.66504 1.0003
1.67133 0.999736
1.67761 0.99913
1.68389 0.998484
1.69018 0.997797
1.69646 0.997069
1.70274 0.996301
1.70903 0.995492
1.71531 0.994643
1.72159 0.993753
1.72788 0.992822
1.73416 0.991851
1.74044 0.990839
1.74673 0.989787
1.75301 0.988694
1.75929 0.98756
1.76558 0.986387
1.77186 0.985173
1.77814 0.983918
1.78442 0.982623
1.79071 0.981288
1.79699 0.979913
1.80327 0.978497
1.80956 0.977041
1.81584 0.975545
1.82212 0.974009
1.82841 0.972433
1.83469 0.970816
1.84097 0.96916
1.84726 0.967464
1.85354 0.965728
1.85982 0.963952
1.86611 0.962137
1.87239 0.960282
1.87867 0.958387
1.88496 0.956453
1.89124 0.954479
1.89752 0.952466
1.90381 0.950413
1.91009 0.948321
1.91637 0.94619
1.92265 0.94402
1.92894 0.941811
1.93522 0.939562
1.9415 0.937275
1.94779 0.934949
1.95407 0.932585
1.96035 0.930182
1.96664 0.92774
1.97292 0.92526
1.9792 0.922741
1.98549 0.920184
1.99177 0.917589
1.99805 0.914956
2.00434 0.912286
2.01062 0.909577
2.0169 0.90683
2.02319 0.904046
2.02947 0.901225
2.03575 0.898365
2.04204 0.895469
2.04832 0.892536
2.0546 0.889565
2.06088 0.886558
2.06717 0.883513
2.07345 0.880433
2.07973 0.877315
2.08602 0.874161
2.0923 0.870971
2.09858 0.867745
2.10487 0.864483
2.11115 0.861184
2.11743 0.85785
2.12372 0.854481
2.13 0.851076
2.13628 0.847636
2.14257 0.844161
2.14885 0.84065
2.15513 0.837105
2.16142 0.833526
2.1677 0.829911
2.17398 0.826263
2.18027 0.82258
2.18655 0.818863
2.19283 0.815112
2.19911 0.811328
2.2054 0.80751
2.21168 0.803659
2.21796 0.799775
2.22425 0.795858
2.23053 0.791908
2.23681 0.787925
2.2431 0.78391
2.24938 0.779863
2.25566 0.775784
2.26195 0.771673
2.26823 0.76753
2.27451 0.763356
2.2808 0.759151
2.28708 0.754914
2.29336 0.750647
2.29965 0.746349
2.30593 0.742021
2.31221 0.737663
2.3185 0.733275
2.32478 0.728857
2.33106 0.724409
2.33734 0.719932
2.34363 0.715426
2.34991 0.710891
2.35619 0.706328
2.36248 0.701736
2.36876 0.697116
2.37504 0.692469
2.38133 0.687793
2.38761 0.68309
2.39389 0.67836
2.40018 0.673603
2.40646 0.66882
2.41274 0.66401
2.41903 0.659174
2.42531 0.654311
2.43159 0.649424
2.43788 0.644511
2.44416 0.639572
2.45044 0.634609
2.45673 0.629622
2.46301 0.62461
2.46929 0.619574
2.47558 0.614514
2.48186 0.609431
2.48814 0.604325
2.49442 0.599196
2.50071 0.594044
2.50699 0.58887
2.51327 0.583674
2.51956 0.578456
2.52584 0.573217
2.53212 0.567957
2.53841 0.562676
2.54469 0.557374
2.55097 0.552053
2.55726 0.546711
2.56354 0.54135
2.56982 0.53597
2.57611 0.530571
2.58239 0.525153
2.58867 0.519717
2.59496 0.514263
2.60124 0.508791
2.60752 0.503303
2.61381 0.497797
2.62009 0.492275
2.62637 0.486736
2.63265 0.481182
2.63894 0.475612
2.64522 0.470027
2.6515 0.464427
2.65779 0.458813
2.66407 0.453185
2.67035 0.447542
2.67664 0.441887
2.68292 0.436218
2.6892 0.430537
2.69549 0.424844
2.70177 0.419139
2.70805 0.413422
2.71434 0.407694
2.72062 0.401955
2.7269 0.396206
2.73319 0.390447
2.73947 0.384679
2.74575 0.378901
2.75204 0.373115
2.75832 0.36732
2.7646 0.361518
2.77088 0.355707
2.77717 0.34989
2.78345 0.344066
2.78973 0.338236
2.79602 0.3324
2.8023 0.326558
2.80858 0.320712
2.81487 0.31486
2.82115 0.309005
2.82743 0.303146
2.83372 0.297284
2.84 0.291418
2.84628 0.285551
2.85257 0.279681
2.85885 0.27381
2.86513 0.267938
2.87142 0.262066
2.8777 0.256193
2.88398 0.250321
2.89027 0.244449
2.89655 0.238579
2.90283 0.23271
2.90911 0.226844
2.9154 0.22098
2.92168 0.21512
2.92796 0.209263
2.93425 0.20341
2.94053 0.197562
2.94681 0.191719
2.9531 0.185882
2.95938 0.180051
2.96566 0.174226
2.97195 0.168409
2.97823 0.1626
2.98451 0.156798
2.9908 0.151005
2.99708 0.145222
3.00336 0.139448
3.00965 0.133684
3.01593 0.127931
3.02221 0.12219
3.0285 0.11646
3.03478 0.110743
3.04106 0.105038
3.04734 0.0993472
3.05363 0.0936702
3.05991 0.0880078
3.06619 0.0823605
3.07248 0.0767289
3.07876 0.0711136
3.08504 0.065515
3.09133 0.0599337
3.09761 0.0543704
3.10389 0.0488256
3.11018 0.0432999
3.11646 0.0377939
3.12274 0.0323081
3.12903 0.0268431
3.13531 0.0213995
