-3.14159 2.02612
-3.13531 2.00146
-3.12903 1.97692
-3.12274 1.95251
-3.11646 1.92822
-3.11018 1.90405
-3.10389 1.88001
-3.09761 1.85608
-3.09133 1.83228
-3.08504 1.80861
-3.07876 1.78505
-3.07248 1.76161
-3.06619 1.7383
-3.05991 1.71511
-3.05363 1.69204
-3.04734 1.66909
-3.04106 1.64626
-3.03478 1.62355
-3.0285 1.60096
-3.02221 1.57848
-3.01593 1.55613
-3.00965 1.5339
-3.00336 1.51179
-2.99708 1.48979
-2.9908 1.46791
-2.98451 1.44615
-2.97823 1.42451
-2.97195 1.40299
-2.96566 1.38158
-2.95938 1.36029
-2.9531 1.33912
-2.94681 1.31807
-2.94053 1.29713
-2.93425 1.2763
-2.92796 1.2556
-2.92168 1.235
-2.9154 1.21453
-2.90911 1.19417
-2.90283 1.17392
-2.89655 1.15379
-2.89027 1.13377
-2.88398 1.11387
-2.8777 1.09408
-2.87142 1.0744
-2.86513 1.05484
-2.85885 1.03539
-2.85257 1.01605
-2.84628 0.996828
-2.84 0.977717
-2.83372 0.958717
-2.82743 0.939829
-2.82115 0.921053
-2.81487 0.902388
-2.80858 0.883835
-2.8023 0.865392
-2.79602 0.84706
-2.78973 0.828838
-2.78345 0.810727
-2.77717 0.792725
-2.77088 0.774833
-2.7646 0.75705
-2.75832 0.739376
-2.75204 0.721812
-2.74575 0.704356
-2.73947 0.687008
-2.73319 0.669769
-2.7269 0.652637
-2.72062 0.635613
-2.71434 0.618697
-2.70805 0.601887
-2.70177 0.585185
-2.69549 0.568589
-2.6892 0.5521
-2.68292 0.535717
-2.67664 0.519439
-2.67035 0.503268
-2.66407 0.487202
-2.65779 0.471241
-2.6515 0.455385
-2.64522 0.439633
-2.63894 0.423986
-2.63265 0.408443
-2.62637 0.393005
-2.62009 0.377669
-2.61381 0.362438
-2.60752 0.347309
-2.60124 0.332283
-2.59496 0.317361
-2.58867 0.30254
-2.58239 0.287822
-2.57611 0.273205
-2.56982 0.258691
-2.56354 0.244278
-2.55726 0.229966
-2.55097 0.215755
-2.54469 0.201644
-2.53841 0.187635
-2.53212 0.173725
-2.52584 0.159915
-2.51956 0.146205
-2.51327 0.132595
-2.50699 0.119084
-2.50071 0.105671
-2.49442 0.0923577
-2.48814 0.0791426
-2.48186 0.0660257
-2.47558 0.0530069
-2.46929 0.0400857
-2.46301 0.027262
-2.45673 0.0145356
-2.45044 0.00190617
-2.44416 -0.0106265
-2.43788 -0.0230628
-2.43159 -0.0354027
-2.42531 -0.0476467
-2.41903 -0.0597949
-2.41274 -0.0718477
-2.40646 -0.0838051
-2.40018 -0.0956676
-2.39389 -0.107435
-2.38761 -0.119109
-2.38133 -0.130687
-2.37504 -0.142172
-2.36876 -0.153564
-2.36248 -0.164861
-2.35619 -0.176066
-2.34991 -0.187177
-2.34363 -0.198196
-2.33734 -0.209122
-2.33106 -0.219956
-2.32478 -0.230697
-2.3185 -0.241347
-2.31221 -0.251906
-2.30593 -0.262373
-2.29965 -0.272749
-2.29336 -0.283035
-2.28708 -0.293229
-2.2808 -0.303334
-2.27451 -0.313348
-2.26823 -0.323273
-2.26195 -0.333108
-2.25566 -0.342854
-2.24938 -0.352511
-2.2431 -0.362079
-2.23681 -0.371558
-2.23053 -0.38095
-2.22425 -0.390253
-2.21796 -0.399468
-2.21168 -0.408596
-2.2054 -0.417636
-2.19911 -0.426589
-2.19283 -0.435456
-2.18655 -0.444236
-2.18027 -0.452929
-2.17398 -0.461537
-2.1677 -0.470059
-2.16142 -0.478495
-2.15513 -0.486846
-2.14885 -0.495112
-2.14257 -0.503292
-2.13628 -0.511389
-2.13 -0.519401
-2.12372 -0.527329
-2.11743 -0.535173
-2.11115 -0.542933
-2.10487 -0.55061
-2.09858 -0.558204
-2.0923 -0.565715
-2.08602 -0.573144
-2.07973 -0.58049
-2.07345 -0.587754
-2.06717 -0.594937
-2.06088 -0.602037
-2.0546 -0.609057
-2.04832 -0.615995
-2.04204 -0.622852
-2.03575 -0.629629
-2.02947 -0.636325
-2.02319 -0.642941
-2.0169 -0.649478
-2.01062 -0.655934
-2.00434 -0.662312
-1.99805 -0.66861
-1.99177 -0.674829
-1.98549 -0.68097
-1.9792 -0.687032
-1.97292 -0.693016
-1.96664 -0.698923
-1.96035 -0.704751
-1.95407 -0.710503
-1.94779 -0.716177
-1.9415 -0.721774
-1.93522 -0.727295
-1.92894 -0.732739
-1.92265 -0.738107
-1.91637 -0.743399
-1.91009 -0.748615
-1.90381 -0.753756
-1.89752 -0.758822
-1.89124 -0.763813
-1.88496 -0.76873
-1.87867 -0.773572
-1.87239 -0.778339
-1.86611 -0.783033
-1.85982 -0.787653
-1.85354 -0.7922
-1.84726 -0.796674
-1.84097 -0.801074
-1.83469 -0.805402
-1.82841 -0.809658
-1.82212 -0.813841
-1.81584 -0.817952
-1.80956 -0.821992
-1.80327 -0.82596
-1.79699 -0.829857
-1.79071 -0.833684
-1.78442 -0.837439
-1.77814 -0.841124
-1.77186 -0.844739
-1.76558 -0.848284
-1.75929 -0.851759
-1.75301 -0.855165
-1.74673 -0.858501
-1.74044 -0.861769
-1.73416 -0.864967
-1.72788 -0.868098
-1.72159 -0.87116
-1.71531 -0.874154
-1.70903 -0.877081
-1.70274 -0.87994
-1.69646 -0.882731
-1.69018 -0.885456
-1.68389 -0.888114
-1.67761 -0.890706
-1.67133 -0.893231
-1.66504 -0.895691
-1.65876 -0.898084
-1.65248 -0.900412
-1.64619 -0.902675
-1.63991 -0.904873
-1.63363 -0.907006
-1.62734 -0.909075
-1.62106 -0.91108
-1.61478 -0.91302
-1.6085 -0.914897
-1.60221 -0.91671
-1.59593 -0.91846
-1.58965 -0.920147
-1.58336 -0.921771
-1.57708 -0.923333
-1.5708 -0.924832
-1.56451 -0.92627
-1.55823 -0.927645
-1.55195 -0.928959
-1.54566 -0.930212
-1.53938 -0.931404
-1.5331 -0.932535
-1.52681 -0.933606
-1.52053 -0.934616
-1.51425 -0.935566
-1.50796 -0.936457
-1.50168 -0.937288
-1.4954 -0.938059
-1.48911 -0.938772
-1.48283 -0.939426
-1.47655 -0.940021
-1.47027 -0.940558
-1.46398 -0.941037
-1.4577 -0.941458
-1.45142 -0.941822
-1.44513 -0.942128
-1.43885 -0.942377
-1.43257 -0.94257
-1.42628 -0.942706
-1.42 -0.942785
-1.41372 -0.942809
-1.40743 -0.942777
-1.40115 -0.942689
-1.39487 -0.942546
-1.38858 -0.942347
-1.3823 -0.942094
-1.37602 -0.941787
-1.36973 -0.941425
-1.36345 -0.941009
-1.35717 -0.940539
-1.35088 -0.940016
-1.3446 -0.939439
-1.33832 -0.938809
-1.33204 -0.938126
-1.32575 -0.937391
-1.31947 -0.936603
-1.31319 -0.935764
-1.3069 -0.934872
-1.30062 -0.933929
-1.29434 -0.932935
-1.28805 -0.931889
-1.28177 -0.930793
-1.27549 -0.929646
-1.2692 -0.928448
-1.26292 -0.927201
-1.25664 -0.925903
-1.25035 -0.924556
-1.24407 -0.92316
-1.23779 -0.921715
-1.2315 -0.92022
-1.22522 -0.918678
-1.21894 -0.917086
-1.21265 -0.915447
-1.20637 -0.91376
-1.20009 -0.912025
-1.19381 -0.910242
-1.18752 -0.908413
-1.18124 -0.906537
-1.17496 -0.904614
-1.16867 -0.902645
-1.16239 -0.900629
-1.15611 -0.898568
-1.14982 -0.896461
-1.14354 -0.894308
-1.13726 -0.892111
-1.13097 -0.889869
-1.12469 -0.887581
-1.11841 -0.88525
-1.11212 -0.882874
-1.10584 -0.880455
-1.09956 -0.877992
-1.09327 -0.875485
-1.08699 -0.872935
-1.08071 -0.870343
-1.07442 -0.867707
-1.06814 -0.86503
-1.06186 -0.86231
-1.05558 -0.859548
-1.04929 -0.856744
-1.04301 -0.8539
-1.03673 -0.851013
-1.03044 -0.848086
-1.02416 -0.845119
-1.01788 -0.842111
-1.01159 -0.839062
-1.00531 -0.835974
-0.999026 -0.832846
-0.992743 -0.829679
-0.98646 -0.826472
-0.980177 -0.823227
-0.973894 -0.819942
-0.967611 -0.81662
-0.961327 -0.813259
-0.955044 -0.80986
-0.948761 -0.806424
-0.942478 -0.80295
-0.936195 -0.799438
-0.929911 -0.79589
-0.923628 -0.792305
-0.917345 -0.788684
-0.911062 -0.785027
-0.904779 -0.781333
-0.898495 -0.777604
-0.892212 -0.773839
-0.885929 -0.770039
-0.879646 -0.766204
-0.873363 -0.762335
-0.86708 -0.758431
-0.860796 -0.754492
-0.854513 -0.75052
-0.84823 -0.746514
-0.841947 -0.742474
-0.835664 -0.738402
-0.82938 -0.734296
-0.823097 -0.730157
-0.816814 -0.725986
-0.810531 -0.721783
-0.804248 -0.717548
-0.797965 -0.713281
-0.791681 -0.708982
-0.785398 -0.704653
-0.779115 -0.700292
-0.772832 -0.6959
-0.766549 -0.691478
-0.760265 -0.687026
-0.753982 -0.682544
-0.747699 -0.678032
-0.741416 -0.67349
-0.735133 -0.668919
-0.728849 -0.664319
-0.722566 -0.659691
-0.716283 -0.655034
-0.71 -0.650348
-0.703717 -0.645635
-0.697434 -0.640893
-0.69115 -0.636125
-0.684867 -0.631328
-0.678584 -0.626505
-0.672301 -0.621655
-0.666018 -0.616779
-0.659734 -0.611876
-0.653451 -0.606947
-0.647168 -0.601993
-0.640885 -0.597013
-0.634602 -0.592007
-0.628319 -0.586977
-0.622035 -0.581922
-0.615752 -0.576842
-0.609469 -0.571738
-0.603186 -0.566609
-0.596903 -0.561457
-0.590619 -0.556282
-0.584336 -0.551083
-0.578053 -0.545861
-0.57177 -0.540616
-0.565487 -0.535349
-0.559203 -0.530059
-0.55292 -0.524747
-0.546637 -0.519413
-0.540354 -0.514058
-0.534071 -0.508682
-0.527788 -0.503284
-0.521504 -0.497866
-0.515221 -0.492427
-0.508938 -0.486967
-0.502655 -0.481488
-0.496372 -0.475989
-0.490088 -0.47047
-0.483805 -0.464931
-0.477522 -0.459374
-0.471239 -0.453798
-0.464956 -0.448203
-0.458673 -0.44259
-0.452389 -0.436959
-0.446106 -0.43131
-0.439823 -0.425643
-0.43354 -0.419959
-0.427257 -0.414257
-0.420973 -0.408539
-0.41469 -0.402805
-0.408407 -0.397054
-0.402124 -0.391286
-0.395841 -0.385503
-0.389557 -0.379705
-0.383274 -0.373891
-0.376991 -0.368061
-0.370708 -0.362217
-0.364425 -0.356358
-0.358142 -0.350485
-0.351858 -0.344598
-0.345575 -0.338697
-0.339292 -0.332782
-0.333009 -0.326854
-0.326726 -0.320913
-0.320442 -0.314958
-0.314159 -0.308992
-0.307876 -0.303012
-0.301593 -0.297021
-0.29531 -0.291017
-0.289027 -0.285002
-0.282743 -0.278976
-0.27646 -0.272939
-0.270177 -0.26689
-0.263894 -0.260831
-0.257611 -0.254761
-0.251327 -0.248682
-0.245044 -0.242592
-0.238761 -0.236493
-0.232478 -0.230384
-0.226195 -0.224266
-0.219911 -0.218139
-0.213628 -0.212003
-0.207345 -0.205859
-0.201062 -0.199707
-0.194779 -0.193547
-0.188496 -0.187379
-0.182212 -0.181204
-0.175929 -0.175022
-0.169646 -0.168832
-0.163363 -0.162636
-0.15708 -0.156434
-0.150796 -0.150225
-0.144513 -0.14401
-0.13823 -0.13779
-0.131947 -0.131564
-0.125664 -0.125333
-0.119381 -0.119097
-0.113097 -0.112856
-0.106814 -0.106611
-0.100531 -0.100362
-0.0942478 -0.0941083
-0.0879646 -0.0878512
-0.0816814 -0.0815906
-0.0753982 -0.0753268
-0.069115 -0.06906
-0.0628319 -0.0627905
-0.0565487 -0.0565185
-0.0502655 -0.0502443
-0.0439823 -0.0439681
-0.0376991 -0.0376902
-0.0314159 -0.0314108
-0.0251327 -0.0251301
-0.0188496 -0.0188484
-0.0125664 -0.012566
-0.00628319 -0.00628314
0 0
0.00628319 0.00628314
0.0125664 0.012566
0.0188496 0.0188484
0.0251327 0.0251301
0.0314159 0.0314108
0.0376991 0.0376902
0.0439823 0.0439681
0.0502655 0.0502443
0.0565487 0.0565185
0.0628319 0.0627905
0.069115 0.06906
0.0753982 0.0753268
0.0816814 0.0815906
0.0879646 0.0878512
0.0942478 0.0941083
0.100531 0.100362
0.106814 0.106611
0.113097 0.112856
0.119381 0.119097
0.125664 0.125333
0.131947 0.131564
0.13823 0.13779
0.144513 0.14401
0.150796 0.150225
0.15708 0.156434
0.163363 0.162636
0.169646 0.168832
0.175929 0.175022
0.182212 0.181204
0.188496 0.187379
0.194779 0.193547
0.201062 0.199707
0.207345 0.205859
0.213628 0.212003
0.219911 0.218139
0.226195 0.224266
0.232478 0.230384
0.238761 0.236493
0.245044 0.242592
0.251327 0.248682
0.257611 0.254761
0.263894 0.260831
0.270177 0.26689
0.27646 0.272939
0.282743 0.278976
0.289027 0.285002
0.29531 0.291017
0.301593 0.297021
0.307876 0.303012
0.314159 0.308992
0.320442 0.314958
0.326726 0.320913
0.333009 0.326854
0.339292 0.332782
0.345575 0.338697
0.351858 0.344598
0.358142 0.350485
0.364425 0.356358
0.370708 0.362217
0.376991 0.368061
0.383274 0.373891
0.389557 0.379705
0.395841 0.385503
0.402124 0.391286
0.408407 0.397054
0.41469 0.402805
0.420973 0.408539
0.427257 0.414257
0.43354 0.419959
0.439823 0.425643
0.446106 0.43131
0.452389 0.436959
0.458673 0.44259
0.464956 0.448203
0.471239 0.453798
0.477522 0.459374
0.483805 0.464931
0.490088 0.47047
0.496372 0.475989
0.502655 0.481488
0.508938 0.486967
0.515221 0.492427
0.521504 0.497866
0.527788 0.503284
0.534071 0.508682
0.540354 0.514058
0.546637 0.519413
0.55292 0.524747
0.559203 0.530059
0.565487 0.535349
0.57177 0.540616
0.578053 0.545861
0.584336 0.551083
0.590619 0.556282
0.596903 0.561457
0.603186 0.566609
0.609469 0.571738
0.615752 0.576842
0.622035 0.581922
0.628319 0.586977
0.634602 0.592007
0.640885 0.597013
0.647168 0.601993
0.653451 0.606947
0.659734 0.611876
0.666018 0.616779
0.672301 0.621655
0.678584 0.626505
0.684867 0.631328
0.69115 0.636125
0.697434 0.640893
0.703717 0.645635
0.71 0.650348
0.716283 0.655034
0.722566 0.659691
0.728849 0.664319
0.735133 0.668919
0.741416 0.67349
0.747699 0.678032
0.753982 0.682544
0.760265 0.687026
0.766549 0.691478
0.772832 0.6959
0.779115 0.700292
0.785398 0.704653
0.791681 0.708982
0.797965 0.713281
0.804248 0.717548
0.810531 0.721783
0.816814 0.725986
0.823097 0.730157
0.82938 0.734296
0.835664 0.738402
0.841947 0.742474
0.84823 0.746514
0.854513 0.75052
0.860796 0.754492
0.86708 0.758431
0.873363 0.762335
0.879646 0.766204
0.885929 0.770039
0.892212 0.773839
0.898495 0.777604
0.904779 0.781333
0.911062 0.785027
0.917345 0.788684
0.923628 0.792305
0.929911 0.79589
0.936195 0.799438
0.942478 0.80295
0.948761 0.806424
0.955044 0.80986
0.961327 0.813259
0.967611 0.81662
0.973894 0.819942
0.980177 0.823227
0.98646 0.826472
0.992743 0.829679
0.999026 0.832846
1.00531 0.835974
1.01159 0.839062
1.01788 0.842111
1.02416 0.845119
1.03044 0.848086
1.03673 0.851013
1.04301 0.8539
1.04929 0.856744
1.05558 0.859548
1.06186 0.86231
1.06814 0.86503
1.07442 0.867707
1.08071 0.870343
1.08699 0.872935
1.09327 0.875485
1.09956 0.877992
1.10584 0.880455
1.11212 0.882874
1.11841 0.88525
1.12469 0.887581
1.13097 0.889869
1.13726 0.892111
1.14354 0.894308
1.14982 0.896461
1.15611 0.898568
1.16239 0.900629
1.16867 0.902645
1.17496 0.904614
1.18124 0.906537
1.18752 0.908413
1.19381 0.910242
1.20009 0.912025
1.20637 0.91376
1.21265 0.915447
1.21894 0.917086
1.22522 0.918678
1.2315 0.92022
1.23779 0.921715
1.24407 0.92316
1.25035 0.924556
1.25664 0.925903
1.26292 0.927201
1.2692 0.928448
1.27549 0.929646
1.28177 0.930793
1.28805 0.931889
1.29434 0.932935
1.30062 0.933929
1.3069 0.934872
1.31319 0.935764
1.31947 0.936603
1.32575 0.937391
1.33204 0.938126
1.33832 0.938809
1.3446 0.939439
1.35088 0.940016
1.35717 0.940539
1.36345 0.941009
1.36973 0.941425
1.37602 0.941787
1.3823 0.942094
1.38858 0.942347
1.39487 0.942546
1.40115 0.942689
1.40743 0.942777
1.41372 0.942809
1.42 0.942785
1.42628 0.942706
1.43257 0.94257
1.43885 0.942377
1.44513 0.942128
1.45142 0.941822
1.4577 0.941458
1.46398 0.941037
1.47027 0.940558
1.47655 0.940021
1.48283 0.939426
1.48911 0.938772
1.4954 0.938059
1.50168 0.937288
1.50796 0.936457
1.51425 0.935566
1.52053 0.934616
1.52681 0.933606
1.5331 0.932535
1.53938 0.931404
1.54566 0.930212
1.55195 0.928959
1.55823 0.927645
1.56451 0.92627
1.5708 0.924832
1.57708 0.923333
1.58336 0.921771
1.58965 0.920147
1.59593 0.91846
1.60221 0.91671
1.6085 0.914897
1.61478 0.91302
1.62106 0.91108
1.62734 0.909075
1.63363 0.907006
1.63991 0.904873
1.64619 0.902675
1.65248 0.900412
1.65876 0.898084
1.66504 0.895691
1.67133 0.893231
1.67761 0.890706
1.68389 0.888114
1.69018 0.885456
1.69646 0.882731
1.70274 0.87994
1.70903 0.877081
1.71531 0.874154
1.72159 0.87116
1.72788 0.868098
1.73416 0.864967
1.74044 0.861769
1.74673 0.858501
1.75301 0.855165
1.75929 0.851759
1.76558 0.848284
1.77186 0.844739
1.77814 0.841124
1.78442 0.837439
1.79071 0.833684
1.79699 0.829857
1.80327 0.82596
1.80956 0.821992
1.81584 0.817952
1.82212 0.813841
1.82841 0.809658
1.83469 0.805402
1.84097 0.801074
1.84726 0.796674
1.85354 0.7922
1.85982 0.787653
1.86611 0.783033
1.87239 0.778339
1.87867 0.773572
1.88496 0.76873
1.89124 0.763813
1.89752 0.758822
1.90381 0.753756
1.91009 0.748615
1.91637 0.743399
1.92265 0.738107
1.92894 0.732739
1.93522 0.727295
1.9415 0.721774
1.94779 0.716177
1.95407 0.710503
1.96035 0.704751
1.96664 0.698923
1.97292 0.693016
1.9792 0.687032
1.98549 0.68097
1.99177 0.674829
1.99805 0.66861
2.00434 0.662312
2.01062 0.655934
2.0169 0.649478
2.02319 0.642941
2.02947 0.636325
2.03575 0.629629
2.04204 0.622852
2.04832 0.615995
2.0546 0.609057
2.06088 0.602037
2.06717 0.594937
2.07345 0.587754
2.07973 0.58049
2.08602 0.573144
2.0923 0.565715
2.09858 0.558204
2.10487 0.55061
2.11115 0.542933
2.11743 0.535173
2.12372 0.527329
2.13 0.519401
2.13628 0.511389
2.14257 0.503292
2.14885 0.495112
2.15513 0.486846
2.16142 0.478495
2.1677 0.470059
2.17398 0.461537
2.18027 0.452929
2.18655 0.444236
2.19283 0.435456
2.19911 0.426589
2.2054 0.417636
2.21168 0.408596
2.21796 0.399468
2.22425 0.390253
2.23053 0.38095
2.23681 0.371558
2.2431 0.362079
2.24938 0.352511
2.25566 0.342854
2.26195 0.333108
2.26823 0.323273
2.27451 0.313348
2.2808 0.303334
2.28708 0.293229
2.29336 0.283035
2.29965 0.272749
2.30593 0.262373
2.31221 0.251906
2.3185 0.241347
2.32478 0.230697
2.33106 0.219956
2.33734 0.209122
2.34363 0.198196
2.34991 0.187177
2.35619 0.176066
2.36248 0.164861
2.36876 0.153564
2.37504 0.142172
2.38133 0.130687
2.38761 0.119109
2.39389 0.107435
2.40018 0.0956676
2.40646 0.0838051
2.41274 0.0718477
2.41903 0.0597949
2.42531 0.0476467
2.43159 0.0354027
2.43788 0.0230628
2.44416 0.0106265
2.45044 -0.00190617
2.45673 -0.0145356
2.46301 -0.027262
2.46929 -0.0400857
2.47558 -0.0530069
2.48186 -0.0660257
2.48814 -0.0791426
2.49442 -0.0923577
2.50071 -0.105671
2.50699 -0.119084
2.51327 -0.132595
2.51956 -0.146205
2.52584 -0.159915
2.53212 -0.173725
2.53841 -0.187635
2.54469 -0.201644
2.55097 -0.215755
2.55726 -0.229966
2.56354 -0.244278
2.56982 -0.258691
2.57611 -0.273205
2.58239 -0.287822
2.58867 -0.30254
2.59496 -0.317361
2.60124 -0.332283
2.60752 -0.347309
2.61381 -0.362438
2.62009 -0.377669
2.62637 -0.393005
2.63265 -0.408443
2.63894 -0.423986
2.64522 -0.439633
2.6515 -0.455385
2.65779 -0.471241
2.66407 -0.487202
2.67035 -0.503268
2.67664 -0.519439
2.68292 -0.535717
2.6892 -0.5521
2.69549 -0.568589
2.70177 -0.585185
2.70805 -0.601887
2.71434 -0.618697
2.72062 -0.635613
2.7269 -0.652637
2.73319 -0.669769
2.73947 -0.687008
2.74575 -0.704356
2.75204 -0.721812
2.75832 -0.739376
2.7646 -0.75705
2.77088 -0.774833
2.77717 -0.792725
2.78345 -0.810727
2.78973 -0.828838
2.79602 -0.84706
2.8023 -0.865392
2.80858 -0.883835
2.81487 -0.902388
2.82115 -0.921053
2.82743 -0.939829
2.83372 -0.958717
2.84 -0.977717
2.84628 -0.996828
2.85257 -1.01605
2.85885 -1.03539
2.86513 -1.05484
2.87142 -1.0744
2.8777 -1.09408
2.88398 -1.11387
2.89027 -1.13377
2.89655 -1.15379
2.90283 -1.17392
2.90911 -1.19417
2.9154 -1.21453
2.92168 -1.235
2.92796 -1.2556
2.93425 -1.2763
2.94053 -1.29713
2.94681 -1.31807
2.9531 -1.33912
2.95938 -1.36029
2.96566 -1.38158
2.97195 -1.40299
2.97823 -1.42451
2.98451 -1.44615
2.9908 -1.46791
2.99708 -1.48979
3.00336 -1.51179
3.00965 -1.5339
3.01593 -1.55613
3.02221 -1.57848
3.0285 -1.60096
3.03478 -1.62355
3.04106 -1.64626
3.04734 -1.66909
3.05363 -1.69204
3.05991 -1.71511
3.06619 -1.7383
3.07248 -1.76161
3.07876 -1.78505
3.08504 -1.80861
3.09133 -1.83228
3.09761 -1.85608
3.10389 -1.88001
3.11018 -1.90405
3.11646 -1.92822
3.12274 -1.95251
3.12903 -1.97692
3.13531 -2.00146
