-3.14159 -0.524044
-3.13531 -0.523305
-3.12903 -0.522645
-3.12274 -0.522064
-3.11646 -0.521559
-3.11018 -0.521131
-3.10389 -0.520778
-3.09761 -0.520498
-3.09133 -0.520293
-3.08504 -0.520159
-3.07876 -0.520097
-3.07248 -0.520106
-3.06619 -0.520184
-3.05991 -0.52033
-3.05363 -0.520544
-3.04734 -0.520826
-3.04106 -0.521173
-3.03478 -0.521585
-3.0285 -0.522061
-3.02221 -0.5226
-3.01593 -0.523202
-3.00965 -0.523865
-3.00336 -0.524588
-2.99708 -0.525371
-2.9908 -0.526214
-2.98451 -0.527114
-2.97823 -0.528071
-2.97195 -0.529084
-2.96566 -0.530153
-2.95938 -0.531276
-2.9531 -0.532453
-2.94681 -0.533683
-2.94053 -0.534965
-2.93425 -0.536298
-2.92796 -0.537682
-2.92168 -0.539115
-2.9154 -0.540597
-2.90911 -0.542126
-2.90283 -0.543703
-2.89655 -0.545326
-2.89027 -0.546995
-2.88398 -0.548709
-2.8777 -0.550466
-2.87142 -0.552267
-2.86513 -0.55411
-2.85885 -0.555995
-2.85257 -0.557921
-2.84628 -0.559887
-2.84 -0.561892
-2.83372 -0.563936
-2.82743 -0.566017
-2.82115 -0.568136
-2.81487 -0.570291
-2.80858 -0.572482
-2.8023 -0.574707
-2.79602 -0.576967
-2.78973 -0.57926
-2.78345 -0.581586
-2.77717 -0.583944
-2.77088 -0.586333
-2.7646 -0.588753
-2.75832 -0.591203
-2.75204 -0.593681
-2.74575 -0.596189
-2.73947 -0.598724
-2.73319 -0.601286
-2.7269 -0.603875
-2.72062 -0.60649
-2.71434 -0.609129
-2.70805 -0.611793
-2.70177 -0.614481
-2.69549 -0.617192
-2.6892 -0.619925
-2.68292 -0.62268
-2.67664 -0.625457
-2.67035 -0.628253
-2.66407 -0.63107
-2.65779 -0.633906
-2.6515 -0.636761
-2.64522 -0.639633
-2.63894 -0.642523
-2.63265 -0.645429
-2.62637 -0.648352
-2.62009 -0.65129
-2.61381 -0.654243
-2.60752 -0.657211
-2.60124 -0.660192
-2.59496 -0.663186
-2.58867 -0.666193
-2.58239 -0.669212
-2.57611 -0.672242
-2.56982 -0.675283
-2.56354 -0.678334
-2.55726 -0.681395
-2.55097 -0.684464
-2.54469 -0.687543
-2.53841 -0.690629
-2.53212 -0.693723
-2.52584 -0.696823
-2.51956 -0.69993
-2.51327 -0.703043
-2.50699 -0.706161
-2.50071 -0.709283
-2.49442 -0.71241
-2.48814 -0.715541
-2.48186 -0.718674
-2.47558 -0.72181
-2.46929 -0.724948
-2.46301 -0.728088
-2.45673 -0.731229
-2.45044 -0.734371
-2.44416 -0.737512
-2.43788 -0.740653
-2.43159 -0.743794
-2.42531 -0.746932
-2.41903 -0.750069
-2.41274 -0.753204
-2.40646 -0.756336
-2.40018 -0.759464
-2.39389 -0.762589
-2.38761 -0.765709
-2.38133 -0.768825
-2.37504 -0.771935
-2.36876 -0.77504
-2.36248 -0.778139
-2.35619 -0.781232
-2.34991 -0.784317
-2.34363 -0.787395
-2.33734 -0.790465
-2.33106 -0.793527
-2.32478 -0.79658
-2.3185 -0.799625
-2.31221 -0.802659
-2.30593 -0.805684
-2.29965 -0.808698
-2.29336 -0.811702
-2.28708 -0.814694
-2.2808 -0.817675
-2.27451 -0.820644
-2.26823 -0.8236
-2.26195 -0.826544
-2.25566 -0.829475
-2.24938 -0.832392
-2.2431 -0.835295
-2.23681 -0.838183
-2.23053 -0.841058
-2.22425 -0.843917
-2.21796 -0.84676
-2.21168 -0.849588
-2.2054 -0.8524
-2.19911 -0.855195
-2.19283 -0.857974
-2.18655 -0.860735
-2.18027 -0.863479
-2.17398 -0.866205
-2.1677 -0.868912
-2.16142 -0.871602
-2.15513 -0.874272
-2.14885 -0.876923
-2.14257 -0.879554
-2.13628 -0.882166
-2.13 -0.884757
-2.12372 -0.887328
-2.11743 -0.889878
-2.11115 -0.892407
-2.10487 -0.894914
-2.09858 -0.8974
-2.0923 -0.899864
-2.08602 -0.902305
-2.07973 -0.904724
-2.07345 -0.90712
-2.06717 -0.909492
-2.06088 -0.911842
-2.0546 -0.914167
-2.04832 -0.916468
-2.04204 -0.918745
-2.03575 -0.920998
-2.02947 -0.923225
-2.02319 -0.925428
-2.0169 -0.927605
-2.01062 -0.929756
-2.00434 -0.931882
-1.99805 -0.933981
-1.99177 -0.936054
-1.98549 -0.9381
-1.9792 -0.94012
-1.97292 -0.942112
-1.96664 -0.944077
-1.96035 -0.946015
-1.95407 -0.947924
-1.94779 -0.949806
-1.9415 -0.951659
-1.93522 -0.953484
-1.92894 -0.95528
-1.92265 -0.957047
-1.91637 -0.958785
-1.91009 -0.960493
-1.90381 -0.962173
-1.89752 -0.963822
-1.89124 -0.965441
-1.88496 -0.96703
-1.87867 -0.968589
-1.87239 -0.970118
-1.86611 -0.971615
-1.85982 -0.973082
-1.85354 -0.974517
-1.84726 -0.975922
-1.84097 -0.977295
-1.83469 -0.978636
-1.82841 -0.979945
-1.82212 -0.981223
-1.81584 -0.982468
-1.80956 -0.983681
-1.80327 -0.984862
-1.79699 -0.98601
-1.79071 -0.987125
-1.78442 -0.988207
-1.77814 -0.989257
-1.77186 -0.990273
-1.76558 -0.991255
-1.75929 -0.992204
-1.75301 -0.99312
-1.74673 -0.994002
-1.74044 -0.99485
-1.73416 -0.995664
-1.72788 -0.996444
-1.72159 -0.997189
-1.71531 -0.9979
-1.70903 -0.998577
-1.70274 -0.999219
-1.69646 -0.999826
-1.69018 -1.0004
-1.68389 -1.00094
-1.67761 -1.00144
-1.67133 -1.00191
-1.66504 -1.00234
-1.65876 -1.00273
-1.65248 -1.00309
-1.64619 -1.00342
-1.63991 -1.00371
-1.63363 -1.00396
-1.62734 -1.00418
-1.62106 -1.00437
-1.61478 -1.00451
-1.6085 -1.00462
-1.60221 -1.0047
-1.59593 -1.00474
-1.58965 -1.00474
-1.58336 -1.0047
-1.57708 -1.00463
-1.5708 -1.00452
-1.56451 -1.00438
-1.55823 -1.0042
-1.55195 -1.00398
-1.54566 -1.00373
-1.53938 -1.00344
-1.5331 -1.00311
-1.52681 -1.00275
-1.52053 -1.00235
-1.51425 -1.00191
-1.50796 -1.00144
-1.50168 -1.00092
-1.4954 -1.00038
-1.48911 -0.99979
-1.48283 -0.999168
-1.47655 -0.998508
-1.47027 -0.997811
-1.46398 -0.997077
-1.4577 -0.996306
-1.45142 -0.995498
-1.44513 -0.994652
-1.43885 -0.993769
-1.43257 -0.99285
-1.42628 -0.991892
-1.42 -0.990898
-1.41372 -0.989867
-1.40743 -0.988798
-1.40115 -0.987692
-1.39487 -0.986549
-1.38858 -0.985368
-1.3823 -0.984151
-1.37602 -0.982896
-1.36973 -0.981604
-1.36345 -0.980275
-1.35717 -0.978908
-1.35088 -0.977505
-1.3446 -0.976065
-1.33832 -0.974587
-1.33204 -0.973072
-1.32575 -0.971521
-1.31947 -0.969932
-1.31319 -0.968306
-1.3069 -0.966643
-1.30062 -0.964944
-1.29434 -0.963208
-1.28805 -0.961434
-1.28177 -0.959624
-1.27549 -0.957777
-1.2692 -0.955894
-1.26292 -0.953974
-1.25664 -0.952017
-1.25035 -0.950024
-1.24407 -0.947994
-1.23779 -0.945928
-1.2315 -0.943825
-1.22522 -0.941686
-1.21894 -0.939511
-1.21265 -0.9373
-1.20637 -0.935052
-1.20009 -0.932768
-1.19381 -0.930449
-1.18752 -0.928093
-1.18124 -0.925702
-1.17496 -0.923274
-1.16867 -0.920812
-1.16239 -0.918313
-1.15611 -0.915779
-1.14982 -0.913209
-1.14354 -0.910604
-1.13726 -0.907964
-1.13097 -0.905288
-1.12469 -0.902578
-1.11841 -0.899832
-1.11212 -0.897051
-1.10584 -0.894236
-1.09956 -0.891386
-1.09327 -0.888501
-1.08699 -0.885581
-1.08071 -0.882627
-1.07442 -0.879639
-1.06814 -0.876616
-1.06186 -0.87356
-1.05558 -0.870469
-1.04929 -0.867344
-1.04301 -0.864186
-1.03673 -0.860994
-1.03044 -0.857768
-1.02416 -0.854509
-1.01788 -0.851216
-1.01159 -0.84789
-1.00531 -0.844531
-0.999026 -0.841139
-0.992743 -0.837714
-0.98646 -0.834256
-0.980177 -0.830766
-0.973894 -0.827243
-0.967611 -0.823688
-0.961327 -0.820101
-0.955044 -0.816481
-0.948761 -0.81283
-0.942478 -0.809146
-0.936195 -0.805431
-0.929911 -0.801685
-0.923628 -0.797907
-0.917345 -0.794098
-0.911062 -0.790257
-0.904779 -0.786386
-0.898495 -0.782484
-0.892212 -0.778551
-0.885929 -0.774587
-0.879646 -0.770593
-0.873363 -0.766569
-0.86708 -0.762515
-0.860796 -0.758431
-0.854513 -0.754317
-0.84823 -0.750173
-0.841947 -0.746
-0.835664 -0.741798
-0.82938 -0.737566
-0.823097 -0.733306
-0.816814 -0.729016
-0.810531 -0.724698
-0.804248 -0.720352
-0.797965 -0.715977
-0.791681 -0.711574
-0.785398 -0.707143
-0.779115 -0.702684
-0.772832 -0.698198
-0.766549 -0.693684
-0.760265 -0.689143
-0.753982 -0.684574
-0.747699 -0.679979
-0.741416 -0.675357
-0.735133 -0.670708
-0.728849 -0.666033
-0.722566 -0.661332
-0.716283 -0.656605
-0.71 -0.651852
-0.703717 -0.647073
-0.697434 -0.642268
-0.69115 -0.637439
-0.684867 -0.632584
-0.678584 -0.627704
-0.672301 -0.6228
-0.666018 -0.617871
-0.659734 -0.612918
-0.653451 -0.60794
-0.647168 -0.602939
-0.640885 -0.597914
-0.634602 -0.592865
-0.628319 -0.587793
-0.622035 -0.582698
-0.615752 -0.577579
-0.609469 -0.572438
-0.603186 -0.567275
-0.596903 -0.562089
-0.590619 -0.556881
-0.584336 -0.55165
-0.578053 -0.546399
-0.57177 -0.541125
-0.565487 -0.53583
-0.559203 -0.530515
-0.55292 -0.525178
-0.546637 -0.51982
-0.540354 -0.514442
-0.534071 -0.509044
-0.527788 -0.503625
-0.521504 -0.498187
-0.515221 -0.492729
-0.508938 -0.487252
-0.502655 -0.481755
-0.496372 -0.47624
-0.490088 -0.470705
-0.483805 -0.465152
-0.477522 -0.459581
-0.471239 -0.453992
-0.464956 -0.448384
-0.458673 -0.442759
-0.452389 -0.437117
-0.446106 -0.431457
-0.439823 -0.42578
-0.43354 -0.420086
-0.427257 -0.414376
-0.420973 -0.40865
-0.41469 -0.402907
-0.408407 -0.397148
-0.402124 -0.391374
-0.395841 -0.385584
-0.389557 -0.379779
-0.383274 -0.373959
-0.376991 -0.368125
-0.370708 -0.362276
-0.364425 -0.356412
-0.358142 -0.350534
-0.351858 -0.344643
-0.345575 -0.338738
-0.339292 -0.33282
-0.333009 -0.326888
-0.326726 -0.320944
-0.320442 -0.314987
-0.314159 -0.309017
-0.307876 -0.303035
-0.301593 -0.297042
-0.29531 -0.291036
-0.289027 -0.285019
-0.282743 -0.278991
-0.27646 -0.272952
-0.270177 -0.266902
-0.263894 -0.260842
-0.257611 -0.254771
-0.251327 -0.24869
-0.245044 -0.242599
-0.238761 -0.236499
-0.232478 -0.230389
-0.226195 -0.224271
-0.219911 -0.218143
-0.213628 -0.212007
-0.207345 -0.205863
-0.201062 -0.19971
-0.194779 -0.193549
-0.188496 -0.187381
-0.182212 -0.181206
-0.175929 -0.175023
-0.169646 -0.168833
-0.163363 -0.162637
-0.15708 -0.156434
-0.150796 -0.150226
-0.144513 -0.144011
-0.13823 -0.13779
-0.131947 -0.131564
-0.125664 -0.125333
-0.119381 -0.119097
-0.113097 -0.112856
-0.106814 -0.106611
-0.100531 -0.100362
-0.0942478 -0.0941083
-0.0879646 -0.0878512
-0.0816814 -0.0815906
-0.0753982 -0.0753268
-0.069115 -0.06906
-0.0628319 -0.0627905
-0.0565487 -0.0565185
-0.0502655 -0.0502443
-0.0439823 -0.0439681
-0.0376991 -0.0376902
-0.0314159 -0.0314108
-0.0251327 -0.0251301
-0.0188496 -0.0188484
-0.0125664 -0.012566
-0.00628319 -0.00628314
0 0
0.00628319 0.00628314
0.0125664 0.012566
0.0188496 0.0188484
0.0251327 0.0251301
0.0314159 0.0314108
0.0376991 0.0376902
0.0439823 0.0439681
0.0502655 0.0502443
0.0565487 0.0565185
0.0628319 0.0627905
0.069115 0.06906
0.0753982 0.0753268
0.0816814 0.0815906
0.0879646 0.0878512
0.0942478 0.0941083
0.100531 0.100362
0.106814 0.106611
0.113097 0.112856
0.119381 0.119097
0.125664 0.125333
0.131947 0.131564
0.13823 0.13779
0.144513 0.144011
0.150796 0.150226
0.15708 0.156434
0.163363 0.162637
0.169646 0.168833
0.175929 0.175023
0.182212 0.181206
0.188496 0.187381
0.194779 0.193549
0.201062 0.19971
0.207345 0.205863
0.213628 0.212007
0.219911 0.218143
0.226195 0.224271
0.232478 0.230389
0.238761 0.236499
0.245044 0.242599
0.251327 0.24869
0.257611 0.254771
0.263894 0.260842
0.270177 0.266902
0.27646 0.272952
0.282743 0.278991
0.289027 0.285019
0.29531 0.291036
0.301593 0.297042
0.307876 0.303035
0.314159 0.309017
0.320442 0.314987
0.326726 0.320944
0.333009 0.326888
0.339292 0.33282
0.345575 0.338738
0.351858 0.344643
0.358142 0.350534
0.364425 0.356412
0.370708 0.362276
0.376991 0.368125
0.383274 0.373959
0.389557 0.379779
0.395841 0.385584
0.402124 0.391374
0.408407 0.397148
0.41469 0.402907
0.420973 0.40865
0.427257 0.414376
0.43354 0.420086
0.439823 0.42578
0.446106 0.431457
0.452389 0.437117
0.458673 0.442759
0.464956 0.448384
0.471239 0.453992
0.477522 0.459581
0.483805 0.465152
0.490088 0.470705
0.496372 0.47624
0.502655 0.481755
0.508938 0.487252
0.515221 0.492729
0.521504 0.498187
0.527788 0.503625
0.534071 0.509044
0.540354 0.514442
0.546637 0.51982
0.55292 0.525178
0.559203 0.530515
0.565487 0.53583
0.57177 0.541125
0.578053 0.546399
0.584336 0.55165
0.590619 0.556881
0.596903 0.562089
0.603186 0.567275
0.609469 0.572438
0.615752 0.577579
0.622035 0.582698
0.628319 0.587793
0.634602 0.592865
0.640885 0.597914
0.647168 0.602939
0.653451 0.60794
0.659734 0.612918
0.666018 0.617871
0.672301 0.6228
0.678584 0.627704
0.684867 0.632584
0.69115 0.637439
0.697434 0.642268
0.703717 0.647073
0.71 0.651852
0.716283 0.656605
0.722566 0.661332
0.728849 0.666033
0.735133 0.670708
0.741416 0.675357
0.747699 0.679979
0.753982 0.684574
0.760265 0.689143
0.766549 0.693684
0.772832 0.698198
0.779115 0.702684
0.785398 0.707143
0.791681 0.711574
0.797965 0.715977
0.804248 0.720352
0.810531 0.724698
0.816814 0.729016
0.823097 0.733306
0.82938 0.737566
0.835664 0.741798
0.841947 0.746
0.84823 0.750173
0.854513 0.754317
0.860796 0.758431
0.86708 0.762515
0.873363 0.766569
0.879646 0.770593
0.885929 0.774587
0.892212 0.778551
0.898495 0.782484
0.904779 0.786386
0.911062 0.790257
0.917345 0.794098
0.923628 0.797907
0.929911 0.801685
0.936195 0.805431
0.942478 0.809146
0.948761 0.81283
0.955044 0.816481
0.961327 0.820101
0.967611 0.823688
0.973894 0.827243
0.980177 0.830766
0.98646 0.834256
0.992743 0.837714
0.999026 0.841139
1.00531 0.844531
1.01159 0.84789
1.01788 0.851216
1.02416 0.854509
1.03044 0.857768
1.03673 0.860994
1.04301 0.864186
1.04929 0.867344
1.05558 0.870469
1.06186 0.87356
1.06814 0.876616
1.07442 0.879639
1.08071 0.882627
1.08699 0.885581
1.09327 0.888501
1.09956 0.891386
1.10584 0.894236
1.11212 0.897051
1.11841 0.899832
1.12469 0.902578
1.13097 0.905288
1.13726 0.907964
1.14354 0.910604
1.14982 0.913209
1.15611 0.915779
1.16239 0.918313
1.16867 0.920812
1.17496 0.923274
1.18124 0.925702
1.18752 0.928093
1.19381 0.930449
1.20009 0.932768
1.20637 0.935052
1.21265 0.9373
1.21894 0.939511
1.22522 0.941686
1.2315 0.943825
1.23779 0.945928
1.24407 0.947994
1.25035 0.950024
1.25664 0.952017
1.26292 0.953974
1.2692 0.955894
1.27549 0.957777
1.28177 0.959624
1.28805 0.961434
1.29434 0.963208
1.30062 0.964944
1.3069 0.966643
1.31319 0.968306
1.31947 0.969932
1.32575 0.971521
1.33204 0.973072
1.33832 0.974587
1.3446 0.976065
1.35088 0.977505
1.35717 0.978908
1.36345 0.980275
1.36973 0.981604
1.37602 0.982896
1.3823 0.984151
1.38858 0.985368
1.39487 0.986549
1.40115 0.987692
1.40743 0.988798
1.41372 0.989867
1.42 0.990898
1.42628 0.991892
1.43257 0.99285
1.43885 0.993769
1.44513 0.994652
1.45142 0.995498
1.4577 0.996306
1.46398 0.997077
1.47027 0.997811
1.47655 0.998508
1.48283 0.999168
1.48911 0.99979
1.4954 1.00038
1.50168 1.00092
1.50796 1.00144
1.51425 1.00191
1.52053 1.00235
1.52681 1.00275
1.5331 1.00311
1.53938 1.00344
1.54566 1.00373
1.55195 1.00398
1.55823 1.0042
1.56451 1.00438
1.5708 1.00452
1.57708 1.00463
1.58336 1.0047
1.58965 1.00474
1.59593 1.00474
1.60221 1.0047
1.6085 1.00462
1.61478 1.00451
1.62106 1.00437
1.62734 1.00418
1.63363 1.00396
1.63991 1.00371
1.64619 1.00342
1.65248 1.00309
1.65876 1.00273
1.66504 1.00234
1.67133 1.00191
1.67761 1.00144
1.68389 1.00094
1.69018 1.0004
1.69646 0.999826
1.70274 0.999219
1.70903 0.998577
1.71531 0.9979
1.72159 0.997189
1.72788 0.996444
1.73416 0.995664
1.74044 0.99485
1.74673 0.994002
1.75301 0.99312
1.75929 0.992204
1.76558 0.991255
1.77186 0.990273
1.77814 0.989257
1.78442 0.988207
1.79071 0.987125
1.79699 0.98601
1.80327 0.984862
1.80956 0.983681
1.81584 0.982468
1.82212 0.981223
1.82841 0.979945
1.83469 0.978636
1.84097 0.977295
1.84726 0.975922
1.85354 0.974517
1.85982 0.973082
1.86611 0.971615
1.87239 0.970118
1.87867 0.968589
1.88496 0.96703
1.89124 0.965441
1.89752 0.963822
1.90381 0.962173
1.91009 0.960493
1.91637 0.958785
1.92265 0.957047
1.92894 0.95528
1.93522 0.953484
1.9415 0.951659
1.94779 0.949806
1.95407 0.947924
1.96035 0.946015
1.96664 0.944077
1.97292 0.942112
1.9792 0.94012
1.98549 0.9381
1.99177 0.936054
1.99805 0.933981
2.00434 0.931882
2.01062 0.929756
2.0169 0.927605
2.02319 0.925428
2.02947 0.923225
2.03575 0.920998
2.04204 0.918745
2.04832 0.916468
2.0546 0.914167
2.06088 0.911842
2.06717 0.909492
2.07345 0.90712
2.07973 0.904724
2.08602 0.902305
2.0923 0.899864
2.09858 0.8974
2.10487 0.894914
2.11115 0.892407
2.11743 0.889878
2.12372 0.887328
2.13 0.884757
2.13628 0.882166
2.14257 0.879554
2.14885 0.876923
2.15513 0.874272
2.16142 0.871602
2.1677 0.868912
2.17398 0.866205
2.18027 0.863479
2.18655 0.860735
2.19283 0.857974
2.19911 0.855195
2.2054 0.8524
2.21168 0.849588
2.21796 0.84676
2.22425 0.843917
2.23053 0.841058
2.23681 0.838183
2.2431 0.835295
2.24938 0.832392
2.25566 0.829475
2.26195 0.826544
2.26823 0.8236
2.27451 0.820644
2.2808 0.817675
2.28708 0.814694
2.29336 0.811702
2.29965 0.808698
2.30593 0.805684
2.31221 0.802659
2.3185 0.799625
2.32478 0.79658
2.33106 0.793527
2.33734 0.790465
2.34363 0.787395
2.34991 0.784317
2.35619 0.781232
2.36248 0.778139
2.36876 0.77504
2.37504 0.771935
2.38133 0.768825
2.38761 0.765709
2.39389 0.762589
2.40018 0.759464
2.40646 0.756336
2.41274 0.753204
2.41903 0.750069
2.42531 0.746932
2.43159 0.743794
2.43788 0.740653
2.44416 0.737512
2.45044 0.734371
2.45673 0.731229
2.46301 0.728088
2.46929 0.724948
2.47558 0.72181
2.48186 0.718674
2.48814 0.715541
2.49442 0.71241
2.50071 0.709283
2.50699 0.706161
2.51327 0.703043
2.51956 0.69993
2.52584 0.696823
2.53212 0.693723
2.53841 0.690629
2.54469 0.687543
2.55097 0.684464
2.55726 0.681395
2.56354 0.678334
2.56982 0.675283
2.57611 0.672242
2.58239 0.669212
2.58867 0.666193
2.59496 0.663186
2.60124 0.660192
2.60752 0.657211
2.61381 0.654243
2.62009 0.65129
2.62637 0.648352
2.63265 0.645429
2.63894 0.642523
2.64522 0.639633
2.6515 0.636761
2.65779 0.633906
2.66407 0.63107
2.67035 0.628253
2.67664 0.625457
2.68292 0.62268
2.6892 0.619925
2.69549 0.617192
2.70177 0.614481
2.70805 0.611793
2.71434 0.609129
2.72062 0.60649
2.7269 0.603875
2.73319 0.601286
2.73947 0.598724
2.74575 0.596189
2.75204 0.593681
2.75832 0.591203
2.7646 0.588753
2.77088 0.586333
2.77717 0.583944
2.78345 0.581586
2.78973 0.57926
2.79602 0.576967
2.8023 0.574707
2.80858 0.572482
2.81487 0.570291
2.82115 0.568136
2.82743 0.566017
2.83372 0.563936
2.84 0.561892
2.84628 0.559887
2.85257 0.557921
2.85885 0.555995
2.86513 0.55411
2.87142 0.552267
2.8777 0.550466
2.88398 0.548709
2.89027 0.546995
2.89655 0.545326
2.90283 0.543703
2.90911 0.542126
2.9154 0.540597
2.92168 0.539115
2.92796 0.537682
2.93425 0.536298
2.94053 0.534965
2.94681 0.533683
2.9531 0.532453
2.95938 0.531276
2.96566 0.530153
2.97195 0.529084
2.97823 0.528071
2.98451 0.527114
2.9908 0.526214
2.99708 0.525371
3.00336 0.524588
3.00965 0.523865
3.01593 0.523202
3.02221 0.5226
3.0285 0.522061
3.03478 0.521585
3.04106 0.521173
3.04734 0.520826
3.05363 0.520544
3.05991 0.52033
3.06619 0.520184
3.07248 0.520106
3.07876 0.520097
3.08504 0.520159
3.09133 0.520293
3.09761 0.520498
3.10389 0.520778
3.11018 0.521131
3.11646 0.521559
3.12274 0.522064
3.12903 0.522645
3.13531 0.523305
